10000 1000
9385 8368
6611 1816
5141 9295
3619 8764
3495 4834
1090 6294
7299 7448
2034 5395
1192 3072
3483 5827
1423 5256
6893 2042
5242 8947
2098 8587
8189 538
7981 5077
5025 6083
192 6367
8883 5083
2843 4050
2806 4270
4356 8016
2368 8162
1352 3531
1401 5393
4585 2564
2357 2032
2638 1708
9229 7300
4969 6179
6305 1613
5594 4530
5001 2941
2157 7462
3870 289
3512 8634
683 6513
6946 1114
9885 9748
5957 7453
6581 3263
7608 7776
5742 3278
2713 6666
2989 2347
12 840
5622 2461
302 9514
4239 7428
7395 4041
4467 960
6551 9055
9549 9674
8796 5794
2454 5611
8181 7798
4 8273
1616 6060
7447 9594
5496 5704
8600 3627
2827 1593
4321 8644
8852 8219
7788 3066
1910 9562
4045 4848
2814 556
8487 5435
5279 1579
8009 9361
2141 6630
1199 7382
6619 5157
5515 119
1323 6712
341 1265
8464 906
2431 3644
548 371
140 4640
3465 9158
6912 5567
3043 4424
5083 5676
3679 7700
9541 5394
4224 7465
5420 2422
1027 4297
7877 5843
6949 8174
9925 905
7522 1294
784 5283
5459 9478
6008 9913
8840 9801
4867 4546
6360 2221
5197 104
8540 8989
9296 672
870 9903
3479 6767
7999 5699
9210 6
1345 9363
9325 8052
7902 5282
4877 8898
7332 2693
7397 4617
8483 1831
676 3542
5467 9585
8538 6683
6030 5496
6331 9098
9658 9525
5686 4924
8184 5291
7613 9089
7517 6265
2205 1641
5691 7137
9163 3951
7979 1041
791 9063
6498 6658
7353 2301
5477 5283
8000 6731
9554 2957
245 6208
5706 7122
8602 2478
966 9328
6474 365
5334 9732
535 5741
665 7746
9383 4067
710 6999
4059 6078
3134 7552
8682 7411
7719 8753
1366 4208
3488 8063
1765 4357
6125 6806
4989 5621
1789 6563
6711 6065
6091 8598
863 4980
9615 5334
4004 3017
4983 9867
8483 5156
944 7526
7285 9362
5096 1902
4387 4798
9146 8442
7013 7442
2061 8398
7954 7482
9756 3699
8639 7201
8344 1405
7819 1087
4566 1648
191 695
863 6197
9139 2050
31 8466
4135 4310
2563 1073
9345 5181
6056 9009
6685 7266
6574 6968
9763 5303
7294 2294
2312 6750
8254 1496
1964 96
860 3115
388 5463
2070 3370
6148 5814
6840 365
8961 4632
1522 1934
7016 2998
5489 734
9030 7825
8987 7618
6677 7528
7016 6811
8882 6863
5611 8537
8773 1401
584 7421
9699 4905
7443 6324
889 8810
7246 6734
5371 1050
5645 4559
6283 2870
7411 8492
1128 2596
3113 6738
6029 889
2660 6367
1119 575
3016 3772
3344 1054
7632 4105
6504 7126
8450 2524
720 8496
2608 1246
6611 6735
710 5095
8382 378
2559 5264
2792 9646
6936 5694
265 1943
7676 7435
3275 3582
7907 6363
3996 3881
4498 6217
1836 9959
380 8703
829 1108
3951 2261
5790 7683
3194 5619
2373 547
3619 8546
9253 1092
6454 9893
1351 2275
310 1068
5942 7919
9560 5512
7991 5791
5069 8165
2500 9608
1616 6
5968 5823
4386 6361
9072 1831
5030 6547
5537 6272
3270 5549
2524 7938
4606 4272
8624 1902
9129 7498
5801 1863
7173 2913
3729 4857
5710 6281
3260 594
8648 3489
4346 8662
3242 9109
9556 4599
6831 2612
4599 4657
3548 5640
2863 8010
9137 925
1014 8597
2149 3445
8548 4640
2325 7188
9334 8422
8086 9258
1979 8987
615 5262
7451 8400
3648 5852
6929 8451
7180 4752
1052 633
4748 6738
4914 2186
5915 5366
5041 7464
6717 1004
9237 2905
3182 7908
9458 580
7366 8043
6633 8563
6301 3850
4175 1855
7208 5960
5046 3203
4469 3910
7602 5658
1023 3820
1053 4740
4316 8856
3524 867
5954 977
7730 3724
6407 385
4772 340
3150 665
8911 7550
8092 7843
2539 5883
2865 5595
4126 9711
4587 4414
1239 1623
9445 6623
6666 2398
3761 2148
9140 1213
8674 9376
9398 8650
8320 8546
8859 8055
4810 9322
5141 3591
4323 9891
4849 4937
5339 8967
9956 2590
3779 2385
5137 5556
2468 6009
7136 7810
6655 6091
5407 8420
4615 916
3019 5140
9274 1966
9604 2344
1507 3939
5066 7545
4488 2555
1318 5038
1561 4358
7348 3417
9996 3488
5525 5667
4184 388
7497 3660
2159 1071
6511 6140
4785 9992
9176 6818
4697 6513
4630 6089
7119 30
3358 9678
6490 8362
7102 6145
4622 5150
4693 5350
6188 7597
2070 3907
7652 8214
6635 3496
5103 4737
6714 3405
59 1043
4123 8494
9390 7880
7368 3418
396 2520
4846 5570
2092 6717
6089 4994
5367 2827
9685 7131
742 8866
896 7008
4099 8857
4597 579
6990 1482
3671 3364
3118 2629
1232 5797
752 8799
3676 4682
2793 2418
1260 601
188 9340
7100 7920
9014 1451
4052 7824
1266 8272
6064 6669
8838 3869
9096 2819
1595 695
595 5339
111 5048
2298 4821
462 7989
6827 6442
7697 199
3232 60
2415 6649
4503 1322
7092 8438
5559 4940
8959 2090
3245 6561
1591 2333
9423 1636
6240 3609
1616 9701
9253 1685
9582 1701
9322 5173
8044 4223
652 6438
5985 4677
4118 5607
9087 2232
7749 9977
5360 7155
6463 1017
6669 2394
8721 1203
6675 2568
7516 2814
7194 1960
4001 8398
3187 3628
3890 6825
213 1404
3468 3145
6889 8154
1359 6377
6403 5215
510 110
5761 7024
5175 9154
3742 1948
8214 1075
4333 8576
4680 8504
3830 9380
9577 155
3250 8905
3591 8931
1271 2031
889 2346
516 6144
3261 1735
9821 8474
5039 5287
9737 2923
2170 2343
6532 5517
9308 912
4170 65
606 8423
2997 8615
2514 3872
7869 3597
1450 9100
4087 2037
3823 556
1895 7729
7220 272
3591 582
5882 7848
6569 4497
7232 6095
9292 3362
6853 9769
4880 5771
9243 3511
5009 1900
3520 2352
4108 5859
2073 9680
9337 4712
4148 2382
9792 6109
4720 4273
3819 4094
232 5852
7932 2037
1745 8707
728 9608
6596 3525
1816 1531
4825 3601
1722 4929
6874 5867
8197 8403
1624 7989
1465 4057
7230 5114
2096 8422
6368 6137
760 9524
1887 826
908 322
7798 4965
6180 4068
6233 7811
5083 63
9273 5687
2218 776
1128 8060
1460 701
4494 4499
4946 697
4083 3973
896 5550
7660 3611
1260 1583
403 2269
6287 6027
3805 428
3902 1157
9367 1434
8010 7400
9858 4072
5194 3901
8351 5244
1390 1225
8914 9337
135 7399
6889 7404
3912 7611
4625 8905
7499 7952
3537 2353
4842 3449
4453 1678
7663 6034
7278 644
74 3672
5830 116
4780 6263
4693 3344
9464 248
5043 3294
3511 4153
3606 5781
2961 6984
3750 2764
8276 3788
7284 662
8010 7600
8517 3766
4097 4611
5184 274
3210 2878
4282 9046
8384 9321
7710 4329
5754 9404
7486 728
8562 1434
6369 4766
3777 5332
3049 6302
2293 1031
8497 2136
974 6576
8067 1914
5716 2888
7190 4304
9367 2412
5473 9396
4318 5254
1789 7340
512 889
1890 8613
1961 9869
1014 6384
778 3433
7456 1790
9392 5071
2878 6823
7381 5296
4405 2492
1605 2386
4416 4086
7156 1333
2898 9157
6377 5116
9951 7556
6374 5747
6590 3280
7709 789
4137 6595
7017 7492
6346 2080
8575 2138
4731 7131
1054 9595
5011 4777
3021 2385
8569 5556
38 4823
612 6968
9957 7596
3171 6492
8491 9867
6332 9928
3671 1789
5247 4497
8871 8017
1303 5698
834 9159
5427 5816
6221 1642
4323 1063
81 1662
7394 969
3832 8158
1971 7105
5883 2558
7427 6503
9080 3249
9704 4948
156 8105
6351 6895
4810 4660
7905 704
6506 2353
5457 6976
9735 4967
6845 5326
3016 1208
5428 8663
5333 8583
3216 3256
8358 6524
6282 1215
6012 794
7569 8162
5715 9735
8515 7582
877 9737
8159 8192
6003 5983
1811 5442
2197 9895
8288 2465
9549 4545
1867 8340
4601 8894
5185 6251
3718 7446
1899 1791
9478 7878
1689 7476
627 6406
4261 2380
9193 6899
9848 1800
4984 8751
2841 8534
3382 1968
4854 5550
9584 9057
1247 3508
5848 2942
6699 7316
5001 6512
2180 9996
7722 7604
6038 8501
6565 8019
5527 2989
3405 209
1259 8355
8388 9452
1814 1081
7937 8428
6582 1712
2322 256
4673 7296
6971 9854
9881 1669
3512 4441
4493 4931
7287 4152
1820 9228
2107 3989
167 2994
5948 6256
3464 2011
783 9100
9247 5925
9559 4358
7705 5148
7590 2184
9717 3875
1219 7440
8429 8263
5470 3841
4402 1577
6066 9138
7243 2220
7149 9155
5702 3028
7840 2478
7722 4659
7289 6618
6924 9564
8326 461
6543 3476
1619 8111
1935 6295
9063 4735
2325 8614
8698 5971
4731 3031
1183 6991
2102 8461
4807 3887
1977 1602
2414 6089
110 6118
2511 8296
7738 3034
81 8917
8493 7414
256 7001
2222 7750
1233 5710
3838 715
5166 4492
8093 6018
4166 8275
9272 875
3743 4051
8412 7374
2584 4913
1276 7564
2743 373
8937 5416
1942 7626
8974 3060
5435 23
4225 5092
278 5087
5571 7488
7129 1322
4104 7773
8139 3686
1862 3924
8956 835
2700 4712
1460 6058
4699 6256
5952 9018
8432 8803
3494 5337
753 1289
184 9789
9222 9373
302 251
3556 1165
7850 7915
3190 8962
4737 7569
2400 3956
6347 8204
5746 2618
8051 6006
5062 3310
9926 2844
5049 9346
6265 9727
7918 3133
8213 8075
4007 4522
9678 5565
6744 2701
631 6
6228 8098
4732 7225
1354 1653
4512 5159
5309 2217
1376 7727
202 4772
3813 5659
3409 7737
539 4350
1460 4794
6021 8729
3939 9534
2974 2519
766 5543
404 7119
2598 519
2011 6648
2495 3234
3104 217
4900 8585
347 2691
748 9953
798 8573
4867 2511
1339 762
5449 5767
4950 2576
9041 3655
6721 4249
9305 6325
702 896
6439 2249
1319 3533
734 9965
4886 2647
9577 3936
2223 82
78 3230
3232 6144
6399 6005
9832 9886
4524 0
7500 8342
535 9282
9979 4576
871 9357
7765 1945
9493 7398
1292 8334
9246 6197
8008 6473
2818 1591
5250 2703
4985 8058
6512 6621
4798 3856
2039 7281
5850 851
1488 6433
5234 298
9742 9251
6905 3952
9951 8478
9502 2517
1424 7809
1662 3055
8635 5007
8464 6198
6166 7313
5927 7627
8590 4873
8547 5142
6459 9919
1271 1359
1068 5417
3518 1857
8487 9399
7765 7412
3012 1587
8876 3249
158 8308
4835 4983
7343 4485
9734 3483
4605 456
3558 7576
2192 3232
2170 8166
436 3580
6059 2629
5316 6594
6820 7684
508 2646
6601 4772
7604 9539
4444 2627
3440 6146
9790 4302
3387 5907
8761 9210
9287 3530
844 9503
1826 8380
754 2050
8009 4092
5017 3354
8808 2816
3778 1363
1616 1512
7291 4635
4377 4190
618 2277
1447 2364
8227 2133
8223 7642
7493 382
9961 2369
1388 6709
2993 2461
4177 2413
4067 105
6456 1887
6531 4571
7793 25
2228 6819
8316 7090
3979 5427
9799 9925
888 3531
8464 4547
5243 8563
5488 8442
4636 5851
9562 2102
3757 769
7263 7265
6934 4711
4526 3088
1043 7583
6106 9132
1524 4743
1058 1750
5267 621
7691 8609
2140 9759
5963 3074
741 3844
8372 8368
2752 389
6127 2088
2005 1176
4371 8925
595 9424
3916 9092
70 9747
1290 8158
7123 7338
9097 8347
6633 3494
7922 3573
1653 995
9131 3029
2621 4652
512 6047
3208 2903
1618 9485
7838 3003
2280 6232
3407 6904
9948 5788
7867 1731
4933 2891
3803 9911
7571 2673
9630 9688
372 2215
1644 5097
934 3729
1083 4231
5284 6042
454 6128
2800 6998
5568 6504
2160 8674
4818 3002
5011 2928
8677 6458
7836 1995
3295 4162
7613 3316
2355 6896
6035 1740
3195 6322
8278 8120
6246 2389
6880 683
9072 6506
585 1832
171 9089
1325 233
7446 6277
9740 1614
6802 7397
6812 1759
7294 5826
5122 8440
