10000 10000
844 1539
158 8511
4418 2252
8387 2559
4660 2673
6329 8043
3554 6655
2438 2266
6244 5301
9349 3620
9675 7316
9196 3632
4761 1257
4735 2109
6835 9504
6269 2869
8535 3513
6515 9853
831 3599
5177 5573
5976 2277
3372 448
9311 3988
9351 7058
9799 9089
4180 7242
7582 9099
2924 184
904 1731
7100 4346
278 4460
4073 577
9075 5514
788 8328
4087 8153
7962 665
420 2750
9709 8704
3950 5572
1175 100
9987 5987
4050 9651
3177 4312
762 1791
9149 4379
4100 8717
7551 340
8076 8420
3015 5240
2030 9498
3486 985
1642 2542
2797 2222
6240 3876
3816 2443
2844 9349
7897 2027
2486 4954
8121 5464
430 5146
640 8287
1552 3269
1821 1856
7409 6568
5665 9346
5720 4590
4810 4589
6005 6846
669 670
5050 3073
550 7513
2733 2771
6778 2368
7388 3223
8143 6100
200 6228
1264 2371
7104 955
8597 5835
2718 9564
760 2286
3573 1783
8913 5726
2766 6721
3481 8228
9879 2995
9515 3786
4839 3505
4370 6436
6219 8144
3696 7923
8548 5578
7676 7967
3840 3820
9245 6907
891 2568
9738 8583
3858 9205
717 558
4608 9273
6419 5350
755 3135
5871 5888
8966 7102
7754 6753
3555 7282
236 6086
4728 4985
1041 7487
9836 7144
1126 7875
7294 528
7600 569
7879 7613
8663 9445
9203 5924
8901 3103
7404 3378
2316 7724
1467 7486
1341 6555
9346 634
7672 2198
8201 5
1843 1584
3806 4533
425 6469
2751 8026
7977 6874
7575 2574
1401 9738
5795 6059
2313 5695
7251 787
7107 8346
3035 4359
3060 6211
668 5342
9669 5085
120 6686
6406 7914
7122 9687
5366 7518
1912 8073
4401 7850
9578 9795
3958 9010
5985 125
2221 2547
6528 342
5086 440
5364 6943
5860 7432
4561 259
871 1394
1343 9792
3180 958
7661 2581
2767 2413
1528 8575
2855 2276
5449 4896
8925 5772
7840 3368
4049 5380
1355 9411
7296 7495
5948 2803
6063 8325
6389 1162
1435 7424
3386 6076
5031 1256
3770 4006
3894 2382
993 6202
9968 5215
2006 2737
3615 8596
9665 9706
4968 714
9465 1858
5106 308
1 9048
5133 2036
7481 314
7640 4283
3357 5510
5381 9224
5266 5505
1414 5506
524 5021
3724 446
1896 7712
7426 4079
3990 6859
5148 9802
7198 5567
4797 3754
3157 5198
4074 3096
3271 8484
9323 1894
6635 3333
4700 4821
8248 3417
356 7480
7455 8533
5407 1450
7180 4854
642 6919
9024 6567
7298 8829
1669 3462
131 8854
9682 9550
7418 520
9093 4640
1479 3465
7813 8308
1434 3137
3631 5924
9022 3659
510 3837
395 7295
7070 7621
902 382
3406 4410
499 5104
8287 498
8750 5341
3275 9055
9327 4369
6977 9959
2422 5746
7646 8502
8027 5411
7090 8598
9563 7558
4548 7801
6776 6238
2792 8892
9721 506
6790 7133
5544 9005
360 3585
2915 800
1160 5852
1956 5893
7518 9823
16 1946
7685 2049
5263 623
6350 2092
5338 9178
8190 8853
9506 723
2761 5438
643 3426
5374 5579
7795 7134
8495 9734
8612 8655
6929 1979
3119 587
6386 1200
9710 6483
7590 8650
845 4515
9415 1124
3833 8833
5708 3010
3896 4195
7421 1425
6170 2406
1652 6058
272 4561
8661 1747
2046 2705
6381 6731
9022 8725
1128 2186
8364 7912
3620 58
7844 2966
295 6346
5971 1947
2607 5638
9114 7409
2151 4501
2816 5461
8390 4619
6048 2613
3531 8926
354 3551
7333 2863
3245 340
2782 6942
7847 5995
5747 2157
3969 5944
3073 5529
7584 6340
1991 9326
5720 7319
6924 6999
3918 6109
9332 2180
102 427
4255 1898
6453 8819
1065 485
1901 6966
4753 8325
3361 6310
5754 7042
1904 3616
295 9223
7615 2576
6934 3728
8903 1473
4604 4552
381 2516
4724 4267
2382 8428
6302 9123
7814 8243
1993 8841
8481 4230
4977 3802
2440 8875
6893 9882
5499 5914
5948 5072
7557 3261
7832 8673
4282 2091
1099 3424
4145 9879
171 4408
8407 1305
3093 7940
3538 7747
4621 6457
7833 4505
7359 6388
2301 1267
2651 4024
4511 2007
3169 1176
7740 9369
7643 2295
3707 8482
265 2529
4824 9131
6707 473
3381 2464
9412 3705
2544 1578
2358 6906
9123 1717
9358 5615
5188 3036
7521 575
5469 7671
1652 2830
3546 1346
5486 2627
4614 2691
569 6232
1981 776
1283 3465
2144 8531
8245 1470
3630 6341
9059 9775
1760 3112
5215 5410
6068 5770
9403 3806
9735 1286
1376 30
4616 7375
8339 6574
642 8916
5089 794
9932 6168
8401 9020
3020 811
5931 9225
7452 9187
8060 3470
6462 4702
7043 3242
5439 5992
7865 3803
7083 5281
7425 7887
5012 1498
1722 7493
6365 3995
2598 9790
6351 3272
6808 226
4989 3769
333 5953
9028 2060
9175 8477
5855 6008
8039 1914
3254 4692
8910 7821
8156 7951
2450 6954
22 1778
2274 3044
6490 7541
3057 7056
3672 6663
8943 7575
8576 3289
2465 4762
9364 5866
5763 7089
1044 323
9104 8149
6910 5817
5791 3403
2874 8684
7739 1267
2830 4877
8052 7128
9959 6095
136 8360
6071 7161
1824 3498
2007 1920
1763 7055
1932 6325
5924 1235
8153 7122
6167 1420
4951 3883
7622 1378
6570 6374
3812 4534
9235 6274
7768 6197
1291 6604
4388 7403
1234 7326
4366 7916
4439 5274
7042 6786
900 3994
8405 2444
3983 3449
5634 488
2902 2754
47 6069
5441 245
2767 9726
2167 7326
2538 6107
7214 5634
1742 4015
3869 1596
2431 5904
5540 4618
4907 879
2070 2510
5964 6581
6942 8421
4525 3291
4680 1622
3734 2780
5032 9717
4575 278
1804 1766
4547 140
8247 2611
1296 6653
7812 2332
3961 8013
6657 8102
5891 6916
3174 3971
1737 5075
3007 7958
6842 2580
2257 3546
1567 7818
7445 6915
8469 1173
9678 2306
3549 2483
111 4284
5933 4320
108 6482
4005 1479
5874 6917
7397 7486
928 7037
2950 5209
4796 8558
8892 6500
5269 9180
6625 1561
7095 37
4140 4103
4898 4938
2916 5424
2606 2180
4254 8140
9988 9674
2017 9904
55 5923
2630 192
4311 2172
8512 3200
5147 3565
5008 125
1108 8332
4334 2348
9253 842
2036 2322
3552 6223
5095 191
8788 6322
5461 544
8156 2056
2089 1484
5302 8070
8969 3198
8211 9842
6859 2377
233 8276
4154 4900
9211 7411
8443 2229
2483 2946
3932 3158
5002 1089
1304 8806
497 6086
1884 5289
4511 3307
8266 4216
6060 1083
4725 2099
3581 1368
9834 3379
8730 9418
8160 4504
8382 6344
1087 2763
6550 6238
739 779
7650 8270
971 2349
3125 3623
7511 8583
8812 747
9442 6677
2995 1597
8444 1661
1955 476
6186 7372
1211 8821
8542 2383
4510 1679
6379 8758
8716 2249
3709 5377
1774 5
4150 9400
2768 512
9703 8920
7547 946
2064 7777
8572 6723
1644 5516
6055 6048
1487 4678
4277 1542
5587 5310
7025 3720
9425 3760
2352 7191
4980 9611
2701 3450
7604 5320
3970 9893
9442 5006
5751 1007
3435 5084
6928 4569
557 8947
4303 6968
8336 8333
2172 3457
8990 2228
8701 5116
1270 6827
5720 5438
6889 2039
4267 9180
1058 3900
5824 2193
5730 2235
9015 4251
2411 8461
1060 3153
702 4023
9109 558
1206 1181
6121 8038
5554 7853
5649 704
7283 906
3205 1236
5044 8165
6897 1017
2906 9458
5015 2210
9597 135
8258 5656
8848 4801
7241 9717
8505 8473
742 176
1458 4744
2731 197
2610 7167
2130 6406
9573 797
9121 1893
7425 4168
2049 491
8804 9824
5232 4635
6481 2204
5112 2447
1321 2165
1582 4712
7348 2476
2387 8246
3822 6659
3563 1800
423 2118
4951 4235
6673 7939
1737 3621
1596 8969
8870 8
7607 8560
1437 6108
5570 4353
6709 9391
526 168
5535 10
2786 2688
8721 3164
5377 9762
609 2830
2258 5580
9692 4734
2427 5584
5457 6276
389 3887
4514 479
5350 5643
5866 9047
6195 9861
8779 5456
5872 355
4457 9748
5569 4353
9923 2987
8294 6714
3201 9573
3399 6576
4731 2762
1131 280
8589 577
4564 6783
6683 5355
4846 612
2739 8365
7480 1110
6797 5650
7654 7494
5204 7744
694 4296
8786 9451
4515 3359
2815 4302
4872 5381
1396 6480
5402 6965
5851 7137
6389 8883
4680 744
1835 7409
2801 198
7837 7492
2149 684
5100 1463
9041 379
6627 762
6740 1999
3789 9760
5296 6306
4632 4408
9686 7314
8634 2925
8410 8547
4098 9399
4914 5091
6048 6893
2110 8548
6410 8353
2396 3503
2535 6078
6343 6619
1933 8715
8251 7437
8793 6600
2117 8309
3079 8143
5774 5331
6415 4744
3350 4099
1680 4177
4088 5924
7778 7141
6096 1244
6637 696
7939 6281
8845 3661
5880 8622
6213 771
7207 9454
5090 7403
3587 6368
5620 5092
5065 5158
7004 7397
8843 4865
7902 4131
5119 3213
536 5843
434 7801
1356 9216
1282 4172
7306 7703
7618 8943
6295 8982
9517 9031
5101 7165
289 3092
4707 3720
5422 6837
324 4314
6166 5676
6567 7485
2858 7437
8265 5052
3172 5290
4547 8833
9457 1727
5605 8115
4569 5787
7381 2217
2219 9785
8853 1606
919 9691
4103 5554
1979 6000
123 3030
4993 3149
9170 832
1620 7177
6636 589
6085 9322
9965 331
6502 9229
2316 326
4773 4698
7292 1519
4409 8591
2768 2754
6152 5422
921 4439
4914 2014
4726 4498
7035 6995
7603 8717
4345 1799
8381 8097
9432 9074
8708 667
8426 6201
6880 8738
8776 9672
2609 1852
6652 7936
9367 1891
2404 5125
1447 1796
7517 9876
3925 2398
3897 4030
9971 4816
7019 8210
4575 3038
4561 7663
489 8760
830 1957
6876 3984
3462 2613
3955 1284
4843 7755
5275 2378
5853 446
4248 111
8183 2592
5093 3217
8214 2635
8544 9656
2206 9327
523 1847
595 1926
2122 2104
8238 1058
1790 2934
8733 6246
1073 7024
9648 2544
2520 376
9543 7405
5070 3519
1615 2508
5457 1930
6262 2538
1926 213
748 5837
6393 4410
5841 405
5680 1548
8723 2074
2951 1919
4165 5285
7049 8939
716 8149
9745 742
6706 576
4786 207
3339 730
5405 5080
8936 9265
6342 9121
4341 8657
1280 7614
7998 9542
2473 5683
7485 853
7304 5699
2401 503
4974 3103
7704 4048
9239 4697
5397 4973
4966 7208
1193 3700
7987 5353
9942 8755
6229 6191
7396 1832
6639 1608
3858 39
2816 3471
9833 524
6490 656
6660 3458
5483 2899
3609 7652
8852 3677
4548 4852
7796 2462
752 2221
2755 4015
5128 1810
4484 2110
622 3340
4794 5841
5560 5710
2186 7704
8218 7519
5374 8059
1806 8847
3072 6196
2137 6379
418 3031
8184 638
7833 6745
9539 3627
3473 8286
2148 7861
8358 8198
4572 6376
98 375
9441 5419
4785 6268
5938 2120
4284 4384
9407 766
8012 5772
5381 5281
7642 437
590 1114
2009 4439
751 3014
848 7192
6378 7063
9476 4405
4591 6003
5782 8950
4976 9052
5284 8130
9718 3533
2792 7466
8055 761
1507 8446
5551 4214
5396 1155
3827 3327
4866 8318
1289 7290
7921 6414
4280 6082
1626 934
2423 4724
4150 2840
4267 277
3973 1740
8808 9509
2796 6744
284 4339
8965 8313
4895 5215
2714 7874
4481 951
7033 7054
4909 1277
674 6238
137 2499
2238 9749
7270 3588
864 7338
5304 2796
4937 6620
459 20
2701 7653
3315 3349
532 333
1823 203
9721 1879
299 5633
5554 8668
3646 3137
796 83
2530 6823
7053 6220
1902 3422
9659 8317
5442 732
3201 550
378 1835
2305 8155
7878 7514
3241 3732
7556 9534
6542 7707
3919 7843
1301 9507
414 3264
8625 8546
5375 3298
9855 7998
2392 2771
3265 3753
7781 7301
9040 426
6695 8562
4283 8371
3826 2705
4850 7368
6512 9696
632 9562
3317 371
6183 5252
1995 8619
9850 9646
4631 2613
4912 508
6279 480
2121 3958
5461 3937
9517 1450
9360 4806
8274 5053
2597 1616
5774 6015
6796 4546
3660 176
662 3130
3621 9763
5127 9320
557 7639
5870 8053
753 7921
6342 6201
896 3723
4939 9818
8183 5751
1193 9684
9444 4614
4213 7466
3469 8240
5280 276
553 858
1517 4529
5630 8814
1804 1052
7100 8889
9242 2737
5009 8657
517 5059
6714 687
9806 4814
1146 2452
9583 8855
5814 1941
3561 5113
2253 4161
7389 4101
6351 8583
3369 2721
692 3038
4183 2954
7141 5891
8081 980
1049 2917
6932 4375
1023 2574
4302 6966
5425 1815
3325 6927
9055 6750
5390 7592
3776 7975
3470 8838
3437 3480
3522 2826
9695 6493
9763 7143
7755 6310
7954 3694
4013 5744
4506 4263
333 187
251 6002
936 1289
6523 8356
7804 5619
1685 8515
9092 2540
89 5452
6033 6995
6697 7192
1237 1346
7732 8689
1407 4244
4465 1721
1469 3103
6648 3514
5084 1325
8398 1948
8336 8664
8490 5783
3329 4544
2811 1031
3481 1015
4695 3877
5670 8872
3084 6010
5776 2630
8703 112
223 8815
4329 4076
5089 6804
8982 2176
7761 6072
7054 8911
6727 1742
1491 7359
8211 2694
5614 9858
2572 7889
7493 6624
3979 5361
1676 2687
2320 5597
6862 4044
1003 3924
4941 5943
5170 5842
3172 2449
1848 5426
6261 1691
3313 3759
5227 7852
905 6729
8788 9654
8701 464
6712 1938
6635 9260
9506 4744
9186 125
8064 4694
7216 5710
4374 2394
950 6312
400 6493
7111 6817
4013 3180
4606 5045
660 4703
8639 1503
849 1953
45 8298
3130 1619
8545 1943
2492 6254
1730 2857
2965 1864
663 1401
8975 1354
2944 8807
6081 4903
1599 9666
3206 8090
9200 1272
8379 3013
333 9175
2742 4706
7063 7506
3644 4251
9813 2283
7878 1846
5431 481
7809 7003
5997 1848
398 5033
419 1960
7594 1959
4888 9629
8094 9708
973 7977
2316 2345
612 7070
6576 2071
4055 270
4369 2804
5380 2421
6555 469
5133 2986
5653 1767
2227 8150
2061 2271
7678 8497
387 8958
6679 3366
7746 9252
1340 5448
7606 7202
6316 1600
8445 1979
8279 7893
6659 6452
6117 7071
7581 1825
5306 6259
8272 5658
839 1099
5719 3034
8461 7765
3940 5761
9667 7794
5746 1557
7417 1169
2484 1856
1957 8165
1854 3721
7096 7238
3906 5577
6668 9649
2495 3587
8354 6397
4316 122
6602 5460
7540 4523
9687 2927
4906 5900
8270 5357
816 1305
3710 5203
3466 8405
4871 5373
5994 1797
7204 6051
8760 2804
7391 979
7175 3675
401 7680
3707 8631
6322 4543
6115 5369
6985 8208
630 1751
9974 4894
547 4521
4562 279
895 3357
1177 1326
5872 876
9944 3958
5510 2790
8298 680
2449 1729
4599 4862
951 8019
9139 7738
8872 8325
5093 5190
4767 5531
2872 8583
9279 77
8425 1449
1640 5628
8015 6817
122 215
3247 4568
42 7643
3965 6424
6360 2475
1875 8466
5869 6073
6579 3646
5189 9552
9903 8378
7211 4797
719 1134
6654 8883
1145 6088
5201 9299
2916 2501
7198 2471
4092 4552
22 6480
3520 237
8504 8608
7819 2198
2338 5603
7903 6387
6575 8141
9042 5052
956 4354
2776 3159
3493 9673
8029 6717
1773 8120
562 5432
4497 1387
1565 6013
4344 2996
601 7547
6696 7472
5166 6908
5703 5992
1036 3675
9649 551
5475 841
8541 3612
1597 3691
556 8029
4980 3467
3092 7465
8257 7420
8956 4738
3778 2767
5892 4978
5229 7792
3795 1439
1539 6582
4234 6611
4080 4462
9456 6942
3752 5207
7973 5832
6415 690
7742 6382
8920 2999
665 3646
8963 2942
4946 2810
3408 1150
4410 2155
6576 777
9118 7225
4139 8595
8400 2521
2667 8461
8797 1653
6906 8841
9 4201
9221 5093
6612 5702
8349 5586
7833 2993
1040 2610
8318 7595
2412 236
2594 2958
5708 8221
3037 9578
5884 1951
4160 3488
4859 9081
9217 8641
7431 5287
4627 171
431 6726
6484 5849
7181 3335
5394 254
8247 5357
2349 7807
1780 7484
482 5841
4347 4145
3797 9234
3430 3818
2086 441
6000 3210
8669 4002
5417 6048
3431 4584
1145 7680
4477 4790
3788 5224
3040 6877
7003 8885
2313 6677
4174 2445
5822 3173
7812 1200
607 7071
6461 8846
8791 9837
5128 3363
5780 8047
3815 9783
291 40
2996 2348
9070 9760
673 6933
1555 2826
3605 937
4736 9272
1613 4228
5477 5437
5230 7888
2222 6650
6043 8062
7411 7776
737 458
9290 3545
7400 8873
3060 7580
625 9167
4910 3061
7496 1818
2685 6089
1406 2838
7917 147
6422 9743
9789 9436
1078 8943
2192 7407
2635 5536
9701 9490
4681 8660
4542 9666
6151 6381
1809 6355
4028 5914
8729 3421
7091 8468
824 7329
4282 9499
4122 4306
802 1729
2745 796
8077 4270
4599 4944
7284 2103
4182 9951
8824 282
1125 7750
1332 7922
615 9083
3667 9876
8180 562
4256 4302
2923 2507
2994 4312
4503 6856
8729 2371
3184 9357
6771 6843
4962 7634
3420 7051
700 9404
1842 2636
3881 6152
1872 4013
6000 8375
385 6181
4567 1397
2422 7827
9926 7864
1325 6848
545 7372
6388 5682
4877 2874
3707 6596
7084 7645
5582 7629
8298 3696
7978 8309
9060 423
6853 8232
2859 349
5145 7789
7120 4735
5317 4279
8996 3337
4854 1512
1278 7256
6840 1403
6451 1174
8588 1943
9498 5337
537 7875
7001 4983
1194 5856
5417 500
5274 1686
8908 7526
2230 6804
4166 1804
32 7266
7027 5252
5386 4473
2378 3654
6885 7502
696 7287
3010 9522
4722 5644
3042 2013
9904 7599
238 5060
4316 5302
2490 8989
9920 7434
6307 3541
3102 9978
3377 7892
7563 3937
3159 2728
9213 8868
9810 2539
2244 7099
7473 9589
3581 3693
4341 8330
5536 2970
4441 5612
3360 4703
6210 340
5678 807
7613 3950
2637 183
3400 2778
837 5626
7004 736
4044 4218
9233 3770
5693 1163
7475 7377
9405 3945
5105 2070
5239 4912
3074 2279
8730 2965
7745 3579
110 9827
3734 4180
366 3941
196 9164
6814 656
1199 8009
3862 9591
2112 9244
4689 8747
220 1876
731 9852
8893 6955
5017 9691
6575 7560
3224 5501
7990 110
4998 5585
8474 5941
4611 9859
7315 1690
9198 7232
5754 5836
1134 5406
5920 9875
7456 923
9592 319
688 9244
3004 2053
3786 7798
8289 2060
9150 7436
4121 6206
4644 9097
1149 5505
1656 2303
4772 7748
9247 9587
9055 8573
2748 8298
83 1158
6835 4133
3638 3019
8532 4010
7050 9466
9292 7923
7895 710
2168 9919
1460 821
6514 3042
5769 6972
7093 57
9701 7613
2101 6494
4220 9496
1665 6820
3265 6409
6783 2188
9221 825
3909 7305
5983 8639
3927 834
2431 5084
9569 7137
1318 9160
4017 7212
6370 8101
4320 7083
2497 4852
554 3409
2507 9093
7260 4784
2111 9099
2061 24
9784 6020
8556 3129
7484 9941
4471 4006
5675 6470
514 9701
660 9407
3386 1655
5844 3897
6111 142
2647 7725
5633 7225
3838 4060
5096 3817
9959 9408
5445 6487
4114 3182
5030 6270
9033 7880
7399 3654
3489 2589
7960 8631
380 1220
2407 769
5633 1450
2026 1100
3932 5218
6322 2923
4100 2944
4385 1932
6835 1101
6630 6788
1741 6464
5973 3426
5970 5299
5746 8875
9645 5607
7672 1793
3541 1702
1308 9184
3258 4620
3501 325
4164 9425
4963 6292
1597 5191
2247 3813
9894 6677
1574 2544
1830 4621
2066 520
7715 9701
8011 9265
4155 3497
9902 2606
2551 3185
7082 4523
3323 1137
1394 3275
758 2031
326 1304
418 8334
7390 7285
5799 996
8861 4618
6005 1890
587 2733
9637 7031
5742 8456
4707 1253
9519 4288
5193 5067
8304 1748
7601 7855
5903 7637
3737 7607
5084 8439
3706 411
3805 8652
837 2285
3372 7289
5423 5690
8603 7984
3357 2294
2128 9297
5977 4059
9306 2968
4336 7571
6563 7533
8454 1238
5852 4611
8051 4970
3635 4136
5150 8070
5033 5926
9989 2542
796 2256
3926 1709
3000 5422
2748 1247
7241 9183
9323 2165
1712 3910
5649 1308
3061 7474
9908 5370
9774 3790
6629 7105
6596 9171
2286 7459
8847 117
4737 6809
7758 8036
8365 4841
2877 8552
3610 4648
3819 6342
2779 8639
4142 2118
4493 994
9879 2478
5913 1379
9957 2575
1024 8908
7862 5976
5193 7536
7212 1032
7412 3464
3332 2075
7824 7217
5269 5898
5473 2114
164 8136
9033 6075
2210 2817
7495 7521
9863 8091
2081 288
1788 9247
7636 7046
743 5568
5187 9023
9299 2717
207 6068
9441 554
5324 9842
2734 2686
4812 400
7865 5483
1575 21
5571 2189
622 2193
8436 6341
2693 3605
8849 9049
442 4874
2853 3391
8765 1100
2098 8436
1170 9293
1756 5025
7396 6102
719 5119
9800 6642
7840 5588
8106 9763
3962 4482
612 7654
3423 4902
9546 5050
8220 275
565 4306
5893 9003
7932 8520
1460 6180
5418 209
1122 1961
6082 4557
8303 6542
1130 6527
665 6194
4597 1985
5815 2059
6797 4086
9205 3375
1463 1010
4679 6909
5530 6314
7533 6978
8825 7423
6296 7160
6569 7356
393 8054
4227 3546
8629 1285
5224 3641
6750 3980
2093 8246
5875 3399
2286 9327
1382 87
84 6526
1952 134
7907 6086
7012 2952
852 249
5052 1144
4593 8124
3114 6804
1218 8751
9112 4516
7411 7925
2865 549
2932 3613
9098 2944
6034 9640
557 2647
4709 1485
4952 3427
1532 4267
3999 1211
6990 4776
7804 9346
7435 8814
6857 1105
2206 7549
2844 185
6027 5906
6497 566
8565 5375
8232 1463
888 613
5424 7480
9456 796
9889 1663
1019 750
5008 5512
162 8402
8057 4930
9487 6210
3388 9964
6830 6380
3308 9014
5881 2238
9132 3080
5342 5739
2742 1202
3781 6365
2747 1007
9078 9743
7331 3963
4844 6866
6361 9841
8478 3066
4370 509
2011 4440
6780 4490
464 2523
2060 4982
3399 2386
5833 7158
71 8037
6719 7795
9022 4389
6015 8419
7689 4158
383 8014
6702 856
7974 8322
8412 9452
6226 1926
2314 6434
66 9349
2081 8896
6083 5340
3353 7345
7022 3504
6164 3789
368 5389
8573 8997
1904 7625
6224 9304
3760 2919
3426 2546
1856 8397
9487 2168
9180 2670
8372 9320
377 3295
8238 6509
6865 3968
6452 9028
5770 310
7482 5394
7329 7586
1168 3737
9441 3421
845 65
5579 4247
4219 795
148 1077
5936 2887
6542 7048
296 8839
1644 4560
7088 2464
529 8323
2047 3628
1149 8402
5134 5949
6786 6955
4931 426
6570 3569
3287 9402
2025 3345
2681 5855
373 9433
1602 6114
5149 4694
4706 675
4304 5658
6194 6918
9037 9271
5295 1137
7870 6408
4345 1949
2053 508
9011 2372
8249 7579
3684 4889
9729 9694
5375 6574
9713 7885
221 2202
4280 4629
3568 6198
8566 36
7177 6433
938 5545
1252 8531
1696 4684
9273 6667
9990 2462
5869 3681
1515 5893
7787 9660
2194 4300
1137 1727
2694 1377
6025 8447
3510 1676
9865 7908
2748 8079
700 728
9258 9504
5871 2899
8101 3069
2287 6112
6536 6708
320 640
8670 7165
7359 1395
7688 6157
6735 7651
2996 9445
437 3009
7927 3108
9491 667
9991 3465
8566 9531
5161 1575
5612 7343
2553 8950
4303 9007
4262 2917
6452 3242
2350 5122
1658 2721
5074 1241
2642 3857
6628 6334
5319 9661
6482 6570
7279 1599
1574 1262
9888 1472
489 5156
4198 2346
2817 1452
250 4354
33 8398
1090 2018
9312 5139
7402 9820
2971 9383
4373 3062
7609 7064
5726 9016
8540 7805
9042 9340
159 7967
3303 6952
1222 1496
6265 7511
9846 3709
8904 1778
3416 4429
6415 8292
1534 3614
329 3182
9650 8979
1022 4519
5146 1486
7943 4834
6055 7557
4668 7372
4537 5792
8581 7660
1273 2046
5019 7521
9807 4537
408 1896
6361 3214
1853 1063
7065 4655
4687 2570
3461 1169
5694 3127
7235 7859
5413 9029
8369 7420
7924 8881
7693 8518
833 637
5794 8689
7563 3454
9273 8799
4778 854
1197 744
5433 5849
7164 2229
6605 1968
8890 8771
8036 7773
8572 6663
3570 7743
9754 2495
8241 2476
1873 8781
7516 7745
7493 3064
6125 1207
5411 6462
9467 239
1147 740
4950 3780
5296 4816
7364 8986
7593 2149
6962 8570
4715 6201
8661 2727
8936 4878
8393 522
525 729
2002 2899
9546 9089
2811 7848
5624 3277
8265 1485
9641 583
615 3555
7225 4349
2207 4690
5450 2309
2449 7852
7096 6673
956 8275
8871 6163
7626 5015
5941 3370
4154 8187
3839 5817
7865 2630
8569 2366
5956 22
9550 6675
757 5853
4480 9227
6375 6534
4398 2552
1069 9469
9988 5783
721 107
146 682
4125 9347
7190 9670
7243 8912
2090 1179
4888 858
7922 4104
8726 5803
2762 7752
519 9300
4436 6538
6717 1002
6962 9346
9738 6202
9324 3817
5970 3140
3025 6488
8429 1194
5264 4474
3295 9890
6594 5427
6331 6561
758 951
8111 7354
3871 3888
7156 9205
8722 6190
9288 7137
6466 9927
4379 5970
8090 5798
3345 2027
5133 9938
7819 1710
2509 2606
4403 3817
2426 2568
4727 4851
1495 4405
3470 9066
8178 453
7804 1552
3808 6316
5670 3499
1652 9879
8514 7828
714 4786
6690 6590
8576 4064
7724 179
3124 8783
6921 2714
521 876
9984 5387
8562 7783
4662 8651
2771 7815
5218 4264
279 9073
6213 3038
3651 999
9731 1921
2392 8400
8701 8814
3518 6215
40 4477
4497 5901
2829 5467
240 1940
6754 3651
1146 7467
2839 6692
2171 1215
9429 8251
346 6437
1694 2804
3731 7851
8194 17
6142 8122
8960 7516
5346 8884
8948 2178
8315 6655
6599 9176
6735 2449
6110 1149
8774 6359
9257 928
5304 24
1419 3276
3612 1311
5358 3129
4503 3964
7467 4562
273 9173
3860 8948
9017 8505
508 2830
5908 9426
9640 595
3999 1199
2954 691
4918 3628
1031 8319
9335 2446
1773 6634
405 4575
2214 5194
7037 7248
3635 4795
4447 2686
870 2531
9261 8318
8820 1370
596 316
47 6525
9925 2888
3170 5678
1255 5881
505 891
6154 3700
341 7934
5724 7119
5093 875
1771 7758
8310 7636
8143 5816
4929 9655
4827 4849
8136 3514
9384 2445
4369 5300
1999 806
7370 2376
728 9773
5241 7029
4356 364
6443 3634
3349 6622
6535 7875
141 6173
2751 1949
6048 8273
2058 8319
8508 8161
486 8905
5298 2285
7389 8121
5243 7671
134 3184
4467 9129
5797 5741
9209 354
2097 3573
1230 8490
4235 1561
1365 2113
9458 5552
8732 3976
9473 1411
7274 6348
4469 110
8418 7095
3170 2511
6590 7268
18 4863
569 4544
2080 6560
3954 7321
9421 1620
1994 6128
7547 8679
5605 502
5553 2285
6462 9215
5101 3299
2620 9742
8482 7163
6263 1234
1637 4102
3377 4086
8287 57
6141 9422
7519 2417
235 789
7062 1099
6831 3024
804 4600
8047 3621
382 6098
6658 4315
5094 422
7867 6215
1188 9025
4372 3604
2256 8734
5684 6390
5135 7591
830 2594
6563 9685
8286 641
4861 6761
8138 2280
9360 2505
748 4736
9295 6792
5775 554
9540 4182
4124 5278
2284 6260
3325 441
3360 8241
305 3094
2250 4434
1528 3231
1757 8884
1919 4856
2799 2354
3547 1790
1567 1650
7029 2379
3231 543
1365 5465
7506 1119
5706 3571
8637 3188
7346 987
953 1009
7492 3757
9168 138
1329 3569
2633 9339
4520 8939
9384 7533
2248 5071
4215 4958
8917 2384
7760 6743
4329 6037
8744 5458
5111 5400
4834 9686
8608 5816
5801 4699
468 3356
9060 5862
2386 4173
5075 2121
8340 3818
5544 1518
4269 8593
7230 2188
150 9754
7822 4645
1926 5573
428 3443
2544 9692
9943 1359
5515 7336
6891 9781
7276 7551
3277 7188
9271 3096
6758 9563
9710 5877
9826 1467
1173 5603
8945 727
1724 609
4014 9370
6319 6794
2598 3188
6285 4550
4558 4730
8010 8796
7229 4429
115 142
2721 9647
6152 4097
2708 1562
3069 446
5784 6420
7058 2577
9298 5580
5310 8845
990 7292
7590 714
6466 9846
5786 7704
5513 8344
7284 7077
4037 4784
3162 3962
4615 9391
3046 7832
4002 2825
889 1798
2801 8136
1822 2700
4681 1438
2085 2755
9477 264
2505 5832
1572 3328
7717 305
6370 5310
5840 561
5528 2586
1967 374
4210 1648
3698 3469
7267 9044
1817 7910
277 3403
2978 2115
5852 4676
2377 5527
5547 1125
4181 9024
2654 5180
3303 6380
9278 4379
3657 6725
6157 6124
630 7594
779 3527
4735 4461
5167 4536
936 7439
9205 8070
6784 3615
8741 6491
9295 2428
4445 2847
7455 698
5407 9402
7492 7362
4093 9779
4462 7780
3700 8072
208 4553
4668 4316
7283 4074
7595 5006
9572 8125
6907 4437
6360 54
1681 865
7579 7924
5799 3004
7722 9627
5346 6524
3072 2067
9797 3567
4111 2685
89 1227
3398 7818
2016 8145
3196 1779
2405 6655
1366 6372
6764 7563
8727 1187
1764 2495
1010 4955
1628 8203
3686 6429
4170 874
5265 2597
3046 7087
3093 1139
162 5138
123 4112
9385 5617
1694 4025
730 4464
5279 5342
6719 1394
7861 6277
8350 8369
1270 4817
7514 3242
7409 9412
5332 3665
4545 7944
7050 2716
6627 9060
7655 1728
7111 9466
4754 8003
1868 7434
8865 8900
8824 7007
2099 4567
9561 7566
3137 3420
8269 1421
772 5373
6610 2133
8681 4413
1589 9391
624 6362
1502 3572
4431 7286
7570 202
8156 1190
9916 9688
6326 3518
4858 8938
17 4332
2092 5350
837 5766
670 7227
9422 9923
1991 636
6650 160
4088 2541
7416 8014
2918 5752
3889 1870
9000 9895
5968 5994
8666 3016
4921 3989
4352 9369
4430 6564
9759 9817
2660 8811
7019 6238
5973 6031
8773 6316
5156 690
773 4606
7054 9666
3718 3786
998 2484
8361 4733
1332 4344
4650 4393
9672 8566
9725 8138
7773 2029
4518 6206
9635 1231
1439 3997
5582 4541
2251 8564
2368 8082
9547 5250
5752 573
7421 3841
3998 3867
4171 7294
4958 5572
9448 5286
3425 9443
9338 4080
1210 651
130 6074
5232 131
5668 4140
4522 2441
7398 321
2283 6952
27 7962
5787 1314
5509 2239
943 1739
7094 9115
8839 2461
8600 9057
3356 5626
7035 5802
54 8503
7090 8797
9298 5092
7916 1743
3867 3118
3317 6079
6723 2213
3857 4432
6042 8586
8920 5923
5797 7849
9560 2271
5647 8671
5702 9924
5070 3978
5036 297
1826 2055
300 940
6422 832
2479 4514
3871 5004
9620 5823
6543 8232
5672 3156
8443 2620
3368 1433
2263 7229
6444 8462
3783 7998
5353 6076
1061 1093
8073 574
4190 7087
9070 560
289 1734
4570 1751
6123 7057
6999 7480
2661 6260
2106 7934
1843 3744
5399 4905
1537 4771
2406 6865
9383 865
9537 2420
1833 4769
80 2055
1611 5661
6703 3697
9293 4085
3390 3862
2642 1225
6902 6889
5001 1009
7403 7449
429 2256
2117 3293
7741 962
5601 113
6711 4435
1299 3326
9825 7817
3423 466
929 6298
8227 9318
7302 475
8394 8962
733 9743
4887 9933
3646 7045
7836 402
5069 3869
7447 5406
2093 7693
9964 4333
2739 37
4867 7121
7089 9967
9714 574
1364 5318
8385 6860
8531 3865
7443 4109
2114 650
6589 9979
4627 7195
6556 2188
5630 8633
5603 3124
428 3768
9058 1251
7812 2190
221 3858
2364 7692
212 8768
1772 1022
5839 4809
4966 7661
5830 6973
8105 2808
2795 6474
4514 9322
7238 2462
1076 8385
3459 1968
6252 2427
8480 2520
523 1682
2870 9902
4362 4919
3660 7014
6466 8599
8448 884
8409 676
7149 9492
2431 1500
8908 3998
6022 2265
7017 9751
5589 1140
3224 9105
1051 8591
59 8181
7344 8319
8278 5685
764 4088
8885 9379
4861 5824
96 3645
7440 4008
9056 6391
3292 5541
5346 3761
7790 2469
2710 3743
4487 3757
3976 435
7712 8115
6441 5767
4795 7534
6349 7814
2372 5056
4296 819
9670 9004
8681 9675
973 1836
2228 2137
1633 4218
1756 8888
7470 9615
3582 3097
2186 3323
375 4338
7873 5822
8145 9666
6475 958
5593 9727
2060 7906
5041 9073
4117 436
4076 4212
2284 2151
1501 2505
57 5144
3096 6590
8139 858
9512 4263
5849 3155
3663 5802
5425 6107
3987 7281
9705 5895
9354 5243
4036 213
9606 7039
4072 4704
7698 9871
4647 9631
6431 7132
6071 3720
2606 3325
9800 4813
3372 320
3474 9388
5816 9329
5083 1366
2803 363
9872 1773
3274 9000
500 7314
9976 347
1696 3582
3506 9346
353 9468
252 2935
4680 3033
7043 7355
8196 4713
6449 4734
1578 7614
8165 929
9519 7683
8482 5068
842 3462
2840 5818
763 439
8113 3173
2701 5626
8347 1986
8687 1113
3468 8448
8493 438
5183 3137
3053 7067
6736 8809
8174 1079
61 6142
6328 7839
3498 358
3014 5834
7280 9005
5934 4622
667 79
5787 9230
1276 3316
3080 2164
2575 7251
8798 9722
9022 5465
1189 9226
9268 8560
7275 5477
8415 1597
9503 3703
1201 643
7164 7101
9757 1964
429 9761
6213 8155
4226 7121
3043 1970
9803 1735
6922 5322
2082 8293
9265 5600
5170 2831
1192 9517
4304 4870
843 4525
2176 6418
1750 1132
4338 2515
5928 9440
5610 7205
5260 3935
9254 5320
9469 3781
4268 2407
4310 962
5964 6899
5873 5554
9892 3869
497 992
1488 606
5434 7540
6238 9179
3886 6025
1859 9949
7035 1365
421 347
5218 8599
3218 7100
3297 4935
596 5535
9903 2253
9200 4736
5651 6881
416 4210
5645 9052
9368 5577
9828 286
9850 316
2083 1642
4810 1365
9671 8422
3601 9940
6006 5146
5685 3172
3455 6348
645 9175
2656 7241
8869 4730
4239 858
1538 9501
4978 7252
2134 7373
4925 9715
2537 7861
6012 415
8967 8751
8666 3570
2980 9532
3882 501
1546 6156
1388 1949
8211 5667
4684 7127
5486 8164
3375 665
9685 6767
319 9670
591 5019
54 901
185 5679
9278 6914
6218 4551
5558 8370
6060 9061
7127 903
2113 8481
6190 4057
6305 780
4085 2076
9732 4373
3970 1321
9017 7582
986 134
818 5621
2834 15
9891 8748
9007 5067
6720 2606
4711 7240
6256 6857
5547 5809
1395 8073
4822 7162
802 9568
3999 2189
4749 7478
9193 5428
8480 2598
517 2897
5894 2217
1824 1241
4394 7650
77 1116
8177 9668
1931 5874
6074 2439
7427 2736
3638 1045
869 6624
9126 1666
4101 7791
8928 4373
2448 8187
861 808
1628 2705
227 8739
3661 2297
5374 5064
8172 743
3322 6238
7369 1565
3106 5638
4992 208
7001 8402
1522 1174
9986 5816
6774 6121
8608 8205
9073 7814
8206 5642
9937 9990
1688 7960
2119 9847
9472 6945
8374 5714
2254 9943
8939 4647
6004 5613
9889 9383
7655 8013
677 4988
1569 6737
5182 7035
9782 3064
4581 1010
1443 31
6232 8052
5346 9652
9447 7072
5277 4406
5077 3894
4152 2942
2286 1804
6788 3792
6767 3261
3963 8926
6364 4773
6592 7185
5668 9060
3339 3922
3058 4053
6444 6254
8476 9716
6229 5853
3732 3094
1742 7610
5810 6160
8158 3950
2192 3354
6966 9566
6976 8940
2149 3254
6000 3452
2407 9938
7036 4894
3583 4403
850 4337
5492 75
9328 6389
712 4406
7548 3308
1951 4789
9963 4186
2869 6984
4945 5359
3535 7077
2529 2983
140 4470
8710 5610
121 321
3275 9904
5189 6281
5299 8052
8776 4787
5079 6321
5873 4219
3939 3585
4662 2256
4376 6106
4708 4629
5039 6542
4081 4836
2877 8257
6332 4885
868 4692
5146 3714
7711 4149
5421 3076
6808 5261
2021 900
3071 7380
7240 9523
6718 7393
2580 5185
6559 736
9620 9390
5412 7277
5622 1850
5267 438
5088 890
5632 5315
8824 5384
1370 1878
8238 5087
4559 3848
9884 5149
4615 9722
8412 6215
476 1468
1475 929
2551 7852
9903 6626
8483 9234
1285 8536
9386 6104
4146 730
5195 9686
4659 4367
8016 6509
3023 5953
5652 2500
7840 3636
8778 7837
3411 7948
8389 3786
1527 582
9856 838
4975 902
9494 2313
5404 2508
3069 3312
4760 6202
6166 7622
4877 9408
9860 540
7291 4224
886 9815
947 5415
2625 5007
7695 8890
1579 3383
4525 1289
4438 2682
8806 6225
6451 9220
6932 2021
1514 1313
5074 7892
2442 2602
2685 475
8365 5825
2346 4743
1819 572
8377 2210
8476 1753
3232 2925
1492 2655
1677 1390
455 3919
7576 3161
6406 4945
37 318
6746 6776
2119 9748
475 7681
4748 9653
3881 9930
9912 3944
2991 8921
1342 2518
1653 3952
5102 3859
3565 1214
2846 6157
5276 5057
5243 2861
9716 4452
8993 6858
7654 876
6724 3163
4879 5682
8971 3831
7236 1192
9742 7257
1450 3636
8879 1554
6505 8821
1139 2022
2008 2540
2756 3623
5941 463
7202 8963
2197 9888
2060 4893
979 6019
8220 6029
1474 3804
3980 191
6108 5560
9697 4767
1178 6637
5073 3100
5469 5652
8576 683
948 8819
4561 3064
3211 1548
9474 4818
6066 422
5560 7626
9638 4519
4619 6039
2899 1608
4682 5028
4951 4578
2606 4668
5033 2241
1065 8405
4163 6299
6303 5288
7794 7975
5024 3482
7410 8183
2654 8674
8107 3912
2173 4362
9242 562
2775 715
6925 6813
3239 7075
4471 131
8040 5067
3259 2843
6199 8662
3928 7241
7813 6698
2983 998
8029 1566
4157 3756
7730 4648
5909 7302
485 8755
4330 6507
9225 2221
3006 2073
5734 5296
385 777
3975 5314
579 6256
8930 796
3707 9141
5705 5540
1676 4861
4756 7545
3054 1744
7362 312
9277 2539
2905 2695
7998 8739
5131 1816
1797 324
6091 7299
7557 869
3698 4946
1202 5205
326 6734
6397 7677
4159 5409
6301 3378
6329 2986
1220 9448
6276 7531
6091 5254
804 6845
9178 8911
4182 4383
1718 6568
2148 2059
9312 5132
3449 7218
336 5145
3571 6244
9280 5877
5655 728
4924 6656
7760 5633
3031 7140
161 5860
3826 6691
2230 2504
3746 9212
9354 7205
1554 3602
4200 5915
3098 9440
7376 8056
8865 2611
4921 7209
2213 8917
4051 2403
893 3357
4406 3708
2336 3792
7569 7265
6901 3002
5378 5592
1183 7806
9235 7377
1340 9644
7147 8528
7862 9975
4457 4852
8814 3283
6919 9363
1000 7057
5816 7343
5499 4358
7361 5520
2666 6780
2473 4186
6125 6050
4961 726
8140 5135
9232 9146
9328 2691
1702 2327
9393 7331
1531 3176
966 3098
1245 93
1147 5680
2355 2988
9613 9299
9612 1186
4191 4583
2670 2877
791 6928
8742 3948
9301 4519
8714 2705
2214 4972
1226 4803
3195 4451
5302 9532
547 3073
7527 6780
2321 9318
8543 7688
3987 2597
4843 3704
8049 5399
3270 9025
5324 2249
7697 4941
6347 7897
3575 3222
9041 2295
1991 7658
4972 9948
1544 5535
6718 3002
124 4135
4774 9284
3612 7126
132 501
683 8072
6269 3862
8396 5968
3857 8901
1017 8604
4041 4949
6838 74
8807 2955
5682 3649
219 1400
4441 7889
7622 7086
2658 7238
1793 23
4115 7984
791 8482
2185 6506
7721 9210
7062 4251
4452 2219
6203 3686
760 6470
5710 9799
8727 8763
8931 1374
5106 1093
585 4262
1028 5216
9593 6184
4777 7660
4863 5893
8793 377
9501 1578
5283 4442
4613 6491
8278 1405
7475 1357
1418 22
7629 7057
4188 1179
6296 9765
7764 7989
4039 332
4187 8993
2120 681
4154 2955
6262 8376
6013 184
5070 2269
5315 9675
8886 6838
9086 8765
8746 4605
7274 8103
1238 1165
2598 8919
2408 9483
9405 4257
3114 3072
2042 4964
7560 2650
2587 9788
9161 4140
7837 5400
1643 9337
4231 9039
9218 9423
307 8116
8667 8208
8532 1635
1480 6555
7044 8676
9438 3521
7714 6073
2953 6321
3129 307
7683 9382
1214 427
5250 3290
1415 9352
7050 8294
5285 7538
9047 5808
7473 6307
4249 71
2733 9550
2328 8548
2832 1531
3425 1376
8452 5302
5146 196
3848 5409
389 20
9950 7550
60 8553
5121 6288
9003 9407
8949 8359
993 8053
6007 2452
9292 8772
8485 4005
7286 7554
8213 6166
1920 9673
8194 9245
6942 5269
5215 8581
6117 1816
6243 4252
5386 8264
1322 3440
3238 2655
4068 9308
2378 2996
8928 5307
6718 9355
5157 7606
1461 7807
6242 7598
1178 1808
2335 9637
5312 1840
5369 4817
4489 7762
9361 4281
5959 7511
3811 3422
1544 4571
954 3714
4709 9283
1347 336
8957 2129
5104 5394
5871 2013
9718 7599
9926 6838
6380 7189
1912 5725
7799 4342
9991 2954
1222 3198
6599 8359
6158 4718
4176 4735
4383 5959
1979 7116
9069 2153
82 4196
3191 1217
2982 7860
5143 4650
6231 5446
802 5775
1720 3742
8620 9906
3611 986
8148 4489
6124 1050
163 2605
4856 567
7519 9591
217 9806
751 5402
8649 5021
6901 5186
1334 4212
5239 8701
6928 3844
8118 8771
931 8712
1468 1860
450 3463
6112 5346
8230 9448
9117 8186
7170 683
8879 693
4264 3648
5694 1624
216 4403
2342 5642
9260 5260
7559 5544
6589 2485
4628 4684
5042 5586
4060 9048
4758 2850
5360 4749
4118 2359
9559 2154
4573 3629
8231 1359
3664 6762
4 2075
7744 5510
3180 801
1231 3255
6547 8385
4640 6480
3054 5556
7409 1588
4012 1051
3876 6747
9488 6249
4833 5361
4320 5197
1453 828
5873 3195
2276 8082
1674 2759
4189 3600
640 4996
8746 4711
3088 5652
4938 3334
2706 9247
531 7884
5864 5161
7958 4562
1959 3832
3661 1410
7665 4955
4688 282
259 102
3999 7831
5306 2083
6237 496
2987 560
7345 9594
2275 9505
5480 3918
6118 9663
2931 795
2643 6634
8995 6082
5732 3585
1808 2738
1439 7664
8527 2576
3590 8929
1504 6346
1874 3691
5841 9064
3352 8423
5145 2691
665 5961
5662 7149
4777 942
670 4245
4404 9689
5613 530
926 2201
1053 6549
6341 6093
3534 2990
8742 1295
4685 5440
1250 3054
6945 6498
5094 2808
6740 8656
3704 8652
2366 5996
988 5597
8440 7062
8245 3599
4383 7335
8538 9857
1557 7099
3617 2939
740 6671
9696 4572
6997 2961
9479 1529
9372 6178
8196 3033
1803 5505
3955 249
9941 9355
8727 4833
3604 3567
8469 7669
7282 4203
3739 4214
8192 6306
7012 323
5774 7998
7428 3894
333 2643
4097 254
8922 7066
3288 1093
7560 7906
2739 6234
8262 7403
3218 5778
3258 6426
2860 4253
6786 8095
8541 199
1882 1451
3922 9616
2021 8998
1179 4597
6884 8535
9385 5683
7714 9481
680 3299
5609 513
6005 8654
3016 4092
7412 5020
6336 6350
9720 2541
5922 2938
4411 9471
6626 1094
299 4351
2285 2922
4982 6167
2564 19
3674 615
4965 7946
7323 5748
6013 9977
4586 8195
7495 5743
2033 5693
2633 1025
4916 6971
3010 7979
8300 7423
996 3696
5135 5491
9292 7941
144 9775
7835 7917
6547 7655
8026 1459
6787 126
1410 771
354 2789
5837 5974
8046 8521
1484 5656
7210 1393
8001 5742
5424 9160
9739 5650
2843 3181
9461 4250
2846 7321
4360 6828
1850 7209
6322 1384
5487 7379
1116 6963
7930 7682
8366 2354
3763 3083
9909 3616
334 7991
6508 4353
5271 7145
332 1084
834 3751
7765 2447
4264 3410
2290 508
6548 109
3200 9590
3800 9121
5716 7474
7724 8220
3180 2126
1264 6149
8172 1055
7965 7288
2066 3907
5472 8111
4215 8364
6600 5489
1638 7432
6639 3848
3603 339
8829 1800
9942 4209
7411 9681
6681 15
3904 1822
5778 6326
4275 930
2091 6332
1858 1651
1162 5223
6482 5707
3558 6864
1168 4762
3052 9319
4874 5115
2225 2432
3478 4234
9020 1969
9076 323
3947 8229
1071 1390
1380 8168
7052 6302
220 5805
1883 7298
4653 8771
1663 8628
7369 6539
3002 7219
6676 5086
8015 171
3478 9738
5153 8812
4856 5384
9900 7318
3126 3773
4356 1748
6688 1673
1241 3872
6306 2548
6140 6955
4809 9554
3826 9235
9122 7654
9429 7876
3955 2606
2226 3874
7808 698
6799 6475
2028 2129
2843 6085
9001 8256
9404 6968
4593 8580
4268 1078
4046 4781
7878 1881
3742 2826
571 2886
3654 8266
1447 7872
639 3808
903 4956
4477 9347
8762 2497
1150 1015
2973 7399
3888 7370
5813 6039
148 2954
7113 9088
664 4136
3924 4670
6405 9241
5582 7326
2869 2858
3456 7977
4945 7203
4454 4155
5675 5646
5407 4566
2134 3153
805 1384
1080 5183
6800 7377
9955 6225
3661 316
5517 3500
4081 1266
1227 9319
8201 8726
9950 7453
9125 9834
8061 2343
2669 947
8007 2940
7516 7447
6554 1409
1901 9031
9171 3587
3856 9463
289 5921
5940 3364
1041 1839
4899 6499
7633 8671
7792 7106
2148 4740
8563 9710
8224 4355
4072 6721
6878 7275
3607 6269
5582 4043
1252 3816
540 3687
2039 7009
1957 6356
5717 8811
8859 7088
6604 6634
8190 40
5856 5967
7117 1100
5374 3998
8180 1
2283 6669
8970 2491
8825 1395
4962 7773
7457 5918
2911 270
1563 2745
9620 4743
1021 2707
4989 5236
559 7109
7140 1754
726 8733
1833 9497
356 8330
3447 7072
9204 5106
2232 7067
225 288
475 498
1227 1361
5996 648
8835 9281
6944 6486
2331 1770
6882 5860
7480 6423
50 2358
9481 9999
4844 7433
6323 6998
8980 5405
3638 4252
340 3499
1440 6651
3462 5307
4018 1961
7154 7234
2013 1429
1070 2547
6964 8743
1049 2029
471 7980
1429 3290
1084 2047
5992 2163
451 4293
4159 1789
1738 9341
9648 9760
3576 903
5350 9228
4765 7678
2731 1380
5865 664
233 3806
5782 3622
4232 3678
8554 9027
2336 5209
7425 6258
4272 9592
1227 4381
8692 5019
8124 5999
4366 9809
8509 5539
9218 3968
1910 7356
9631 5163
3489 6808
4353 8246
2063 1161
6183 9664
8443 2987
605 1905
4496 1892
1284 1773
9533 2344
7706 3810
7244 6512
1484 7394
9987 2685
438 9576
7807 3354
9643 7190
9454 6936
1957 3376
3194 1865
7810 6184
3318 3987
2485 3658
4536 2909
9155 9609
201 8694
9030 2824
5797 2695
7910 8263
2572 1764
473 1915
5055 847
8552 8683
2601 622
611 6354
5853 736
7521 893
5113 4312
9270 9587
8380 9650
1683 7330
954 397
7554 6094
4653 9744
8276 1072
9561 2896
7785 4358
2964 3566
1745 551
2 8716
7517 4814
2293 7787
2057 6216
2160 5695
8426 4626
4509 4681
9768 7044
2436 7931
3956 9702
5588 8233
693 5368
323 6104
191 9060
8353 4439
7179 872
6954 5696
5309 9555
2992 275
8318 1090
2075 1754
1133 3417
3472 1249
557 805
5874 3324
4079 5283
1444 2521
6974 779
4635 6769
4744 3475
6188 5177
8612 2087
9165 5716
5552 6329
9541 7657
6205 3784
1028 2483
9304 3435
2473 2028
7016 6388
6168 5649
9060 5306
9222 5656
9881 6554
2327 5157
2260 6461
1378 4749
5429 7640
1842 4055
1126 5058
8167 872
7680 5852
9547 2543
8743 9156
7729 4679
6462 3260
1759 2460
4086 9789
9191 5715
8119 4279
2171 9313
7648 8082
1145 6145
9787 7867
1007 1182
4455 5917
9325 112
2051 6766
3215 2409
1370 3438
6556 3205
5227 8663
8174 2114
2991 7675
7091 7409
3054 6665
6645 6355
545 9514
9667 2991
7438 3329
596 2598
9125 8265
6694 3754
4552 9236
9374 6988
3499 5128
509 8280
9426 1101
2069 5883
3658 6795
8402 1112
6883 3271
8988 304
3385 8534
3168 8656
4591 1163
6012 2272
3746 6969
2285 88
1289 2168
3560 7480
7109 5289
567 9737
9678 8499
6722 3724
2626 3899
4331 1723
9616 6796
4422 5451
638 2764
8859 6745
8188 9375
2504 1757
4787 9168
4016 6298
8903 7244
5701 7579
7303 6108
7946 9308
3380 2351
5379 6422
3070 4497
7318 2584
9068 1609
7101 6474
532 2748
2013 8274
198 102
8070 8153
1391 9840
4179 5932
9580 4838
202 6285
1750 8610
9459 3885
408 4789
9208 1940
4028 9173
7442 6196
2385 7591
9418 1307
2453 8959
4412 4668
2030 4929
2046 5456
4401 200
9707 3228
3867 5839
2715 7230
1914 3260
4157 5009
253 5678
6805 2399
9489 283
2495 4891
8137 9511
1383 7788
4953 499
2524 8175
13 2946
1371 8113
690 3401
1265 4181
9322 1707
2807 3741
2450 5889
7833 5
9117 9019
3796 4915
853 8668
8808 3979
7138 1628
4118 3431
7029 8810
7615 6659
1172 3988
9905 4422
9559 2916
369 5957
5695 1875
7269 9221
8885 2105
6096 5648
4157 259
3131 1966
1973 4388
904 8593
5777 2796
985 9438
2385 4337
3361 8014
6854 9334
3347 2360
9551 7470
7623 3440
8159 371
6978 2707
4190 9841
1393 2707
9032 6944
9338 8315
2163 7885
9309 3629
5758 7836
4382 8480
7259 372
7466 1136
9385 9060
9111 3252
9486 9223
3610 9833
8027 204
8085 5688
561 1856
1989 5887
4061 7099
6145 4358
4644 2471
2552 9698
9058 39
3027 9225
6365 6854
5721 9379
2855 223
8261 8362
4380 1628
861 7449
1274 8870
9600 2352
7807 4104
4363 7331
1656 2120
8833 7439
4317 4557
9656 3212
7077 8830
1431 1856
6048 9629
76 9873
9100 6750
7346 25
5696 756
2563 7276
5010 4523
242 3711
2650 369
9775 5828
7764 4302
6223 4927
385 102
7798 4372
4496 8567
2045 9908
3075 9456
4366 7520
2811 4555
6 856
6704 9899
1070 8323
1604 7893
1698 3023
9441 4306
2059 2655
8028 1845
3829 3534
4862 4838
679 6869
7019 9672
7937 1922
8476 5386
5985 4190
6702 2142
1162 3997
5 6043
445 2236
1046 3803
2215 2156
3448 8557
3150 8630
7324 2906
4462 2611
1045 7220
1219 5394
2037 1208
9623 3886
1938 1598
144 3536
2343 5771
4170 411
2913 5259
2334 1507
2968 5214
4039 1139
5694 5935
971 6264
4009 3961
4916 1050
9716 5335
9789 9685
6181 3970
9699 6803
5843 7840
4629 8660
9149 5738
3901 7244
996 747
241 9228
9857 8308
8240 7821
3875 2074
1719 1031
6413 7307
975 6797
370 5862
5634 32
3954 72
8723 7795
7996 9563
2057 8334
4086 6602
3130 8753
9541 1663
6962 3100
6266 5782
9367 5167
4981 821
9089 9202
6725 627
3051 9940
4360 8711
5192 8084
421 8751
9645 2141
852 9705
8685 4050
5897 5448
7069 1988
8978 6984
3504 4922
9429 7690
8069 6753
4282 6079
580 7365
1636 6052
1173 2533
2732 1157
2466 252
6480 3081
3286 4598
3957 5653
469 688
7974 6588
7274 9119
3875 2852
2495 9411
7170 6133
7823 6199
7963 184
5059 36
9911 8185
4832 5705
9289 9108
1887 2424
5136 1659
9084 1309
9661 6269
5302 2579
2249 2677
9244 7115
1306 9685
2705 4094
3822 4245
4387 4681
3315 9461
7237 9528
706 6105
8947 4987
1199 3103
9627 5662
9257 1106
8225 5563
9544 4927
8858 5784
5652 4774
3968 7079
7536 326
270 6818
6877 8481
4441 5657
2526 4487
2404 9373
6041 9690
3674 9633
7818 7139
5930 2396
6939 2792
6013 7626
5848 6558
3844 4422
2661 1727
7965 9380
8498 375
798 4853
2701 7645
214 8205
1393 6005
4358 769
4852 4268
9698 9857
9919 9897
5228 8332
9179 7360
748 4146
7021 3671
6477 304
5569 7481
6864 4208
5369 2550
1496 1485
7910 7010
6606 8195
4274 2540
4937 6086
3102 1280
8440 2963
9395 8734
527 6439
4723 7513
1605 1448
3693 1879
1038 7829
3173 3571
9803 1445
8500 2484
8222 7558
2934 3019
3339 1117
58 6828
9336 1573
7197 1300
4803 9247
1255 1299
2786 6179
2344 5923
7282 9923
6530 3654
1413 2806
326 1975
5237 4252
9561 5856
4490 2988
4912 1543
9255 905
6898 1129
3075 9786
6018 4800
3448 4085
2869 4945
4591 3555
212 8440
7139 7387
880 9053
8741 7196
8396 2889
7695 4718
6099 3433
5091 8932
4412 9317
2807 2087
1860 1629
1389 9953
4216 4470
9923 1983
2413 9729
6695 2131
7975 7487
154 8388
8510 4959
680 851
586 3196
3652 274
5931 9814
3893 9345
3515 6963
5008 3705
8440 6182
8542 9964
3846 1110
4433 1021
6377 4993
9649 9774
8640 9490
8864 6168
2018 9872
3202 9581
5751 5720
5367 7073
6042 417
1486 6159
2270 6405
202 2576
4153 9769
742 1785
2407 5027
4541 4289
1038 5874
8624 5587
8178 5404
5836 175
1359 5341
5813 1675
1657 5666
8319 4312
5366 1350
4169 8475
413 5921
6033 9533
1449 9073
1557 9722
3041 7465
9657 988
8755 2490
1966 8417
8466 8712
1183 5818
7815 4027
3762 7566
7427 1427
9229 2765
6297 9472
4908 2662
2707 2342
8460 3117
996 8947
26 5910
3949 9980
4516 9772
8404 9352
7365 1098
4840 1009
2399 2137
6757 557
4532 1986
1986 1649
239 1190
7485 2814
2778 9470
6654 8597
1983 6806
7743 8844
4381 5562
2142 5422
1230 6240
1798 7529
6275 1553
3726 443
5549 2875
5958 2285
6434 5942
3205 1911
537 5082
7421 4686
210 6479
1961 2490
704 2216
403 855
4271 2429
8576 2999
7938 8581
5429 5187
8664 656
7274 2230
4440 3950
2749 756
6844 4061
3622 9488
4417 2043
3439 5354
2693 4904
7311 2482
6482 3406
6703 5562
3852 1117
6439 2074
3691 6807
8171 4356
8644 7932
8653 1711
365 6888
3336 9604
2017 2416
2971 8160
5919 7739
4424 476
1227 3066
14 7316
5794 3919
3458 2452
6662 6650
6657 4059
7587 9399
2498 8501
4609 9443
8898 1142
8467 3616
6875 1207
3808 809
3330 8870
2441 3870
9078 5004
7110 5273
9176 7709
5198 5910
6586 7240
4353 3045
9130 629
7608 8987
1331 8698
5231 813
2712 7672
6291 2538
4234 658
125 839
5161 6177
8722 5089
2059 4058
8382 358
9201 7396
9056 1585
9508 3939
8212 3629
4110 8126
1373 8666
4540 4529
6284 8335
4399 4615
1498 5805
8638 2401
2841 594
3790 1518
1713 6687
2478 5704
2210 6228
4436 6555
8701 549
7711 9738
6897 2900
4960 4730
508 3154
4430 6919
1562 1911
5167 3264
7433 883
2882 6131
8788 1313
3877 9011
9225 5147
7597 6030
9767 7834
6409 9551
5610 7749
2765 5140
5719 2167
6641 2371
6743 9066
30 5989
8442 2524
1386 1673
7691 5703
1007 8210
8425 4372
9443 5787
402 4141
7942 1288
7598 2773
1718 2027
6419 8649
1796 254
5934 8196
178 5437
9536 4772
6117 2999
257 2430
3176 4810
7243 790
7078 1330
2607 8280
9305 6480
9761 1586
8548 9727
4429 2460
8602 4721
5201 2272
8244 2871
9964 1288
3977 9189
8534 5013
5504 4634
7081 2859
1210 234
2917 2263
8284 4930
1277 9313
5099 4405
6701 5255
2136 7098
9530 7331
3277 4649
6257 2651
4399 5457
6696 8814
7008 2273
1902 7967
7261 5707
1137 8810
9616 8638
3202 4054
4153 7326
6998 4679
3604 4410
3238 6496
1675 2681
8376 4329
2710 8355
8951 2685
3719 451
6173 7093
7076 8948
5513 9309
3737 7266
823 7486
7003 816
6544 5095
967 6246
7172 7335
5175 4667
5910 4896
2380 4288
1532 2721
3176 812
551 5179
8165 8194
5907 5114
2230 1412
6549 5332
6315 2380
8430 7308
455 910
4968 6445
8139 9739
5025 2864
8255 3317
9958 652
3043 9533
868 876
9697 6325
6131 1429
2999 2344
8615 1137
4211 3327
8570 8529
8039 4388
4086 1007
4221 6778
6172 9180
2291 217
2667 5683
3413 9641
169 1994
5348 8814
6776 6423
2605 7097
2347 6691
3991 8215
6715 6795
2031 8376
2049 6218
2081 150
5486 1354
3274 2707
1175 1623
6735 8520
7324 3601
9957 8269
472 3117
9338 5448
3411 4484
7687 183
6962 4214
4725 6828
5112 3228
6741 1451
2309 2212
2432 5798
2081 7088
6462 8275
9201 7199
2324 9894
3339 2449
7696 2901
5264 8381
7170 5689
4322 6778
4362 7376
615 7236
86 6848
6210 2421
6948 9779
2779 1523
3416 1457
784 4923
2720 7714
9359 5054
4239 9759
6347 8104
7541 9558
343 6018
2180 8772
8581 147
8875 6752
5772 7780
3840 242
206 4687
5321 1862
5306 6335
6766 6210
4682 9810
9089 1401
3765 7391
5240 2349
9113 5071
9094 9191
6247 49
4994 4207
7777 3774
7415 2743
9889 5052
2079 1627
9662 853
1150 544
2425 1032
6699 2900
3275 3688
5847 7016
2216 3093
6744 1702
2797 3993
5965 8183
8128 631
5597 9211
3668 8187
2302 445
2700 7308
1463 5640
7745 3359
7826 4680
6987 4872
2714 1371
2272 1663
1641 428
5254 7332
87 3379
1151 8879
588 5505
8634 3724
6873 9689
5957 2011
5497 1582
8562 7028
9999 2883
3284 4593
5640 6258
3276 3720
7754 3486
3988 9291
4532 1678
6842 5195
5533 4976
9266 1590
9003 5690
6650 7354
4678 8875
4784 793
6587 5629
1658 4790
8624 8659
5130 1489
7280 8562
5269 7065
407 2239
6790 1016
2915 17
7702 6061
9449 3178
7384 2354
2601 6160
1484 6219
6130 1613
1820 8497
1010 6145
5874 4027
1082 324
5895 1910
3205 3727
7361 8074
109 2246
6334 1013
9779 4965
62 4162
3859 7796
5082 5218
1978 3492
3866 5351
2027 7738
8200 6987
608 244
565 3382
2125 8345
3351 518
6985 2579
1252 6820
2329 4065
1564 1371
2914 3958
9814 5526
7775 8561
3724 1553
4223 7396
5464 1636
762 268
8181 4918
6122 463
5226 7116
6047 4486
908 2352
9665 2917
8744 7263
3555 8503
6425 3497
8407 1829
8119 5262
2970 6533
7259 8380
2430 5988
4460 7309
563 6333
6480 2558
9659 9395
4827 3773
3982 4175
8041 9812
2717 9134
3504 8336
1553 6844
2125 3340
6461 6502
3725 2468
9910 6331
4766 8514
1982 5427
7778 8259
9100 1350
6597 6719
7110 4155
1500 3964
6354 5739
4172 6054
4073 6989
4191 7826
8172 7949
7074 9832
7996 4603
2129 8803
7184 1112
8613 5294
7400 7635
4755 6984
7260 9601
6281 8286
9412 886
4927 2558
9861 3514
8477 5176
8137 7208
130 5511
4165 6969
4709 8162
8480 1299
6092 615
5602 8596
6593 5349
5782 3590
6505 2946
7808 5008
2908 2195
7574 4790
5651 8474
7849 9180
3271 8979
4129 1672
7304 5304
6249 9893
3860 6526
5477 123
9672 2250
8972 9568
5192 1643
4476 9123
5911 3047
5759 3393
8141 916
8370 6448
1676 5308
5254 7022
1166 3035
8691 4564
340 9220
7487 9590
723 1454
2831 6300
5647 8387
978 9670
8605 4653
4944 7138
7184 154
3280 3516
9003 9624
1717 6912
1704 2504
7373 6604
3002 7463
3466 7531
4902 797
5994 3174
1274 9864
6690 6702
9467 3509
9001 7265
7149 5883
6764 6036
1815 3323
6277 7831
3589 6314
975 8755
7504 2553
9752 7861
7668 9566
4715 2614
8871 9072
8650 4754
6697 9882
7320 2680
2280 7708
6044 3468
6603 7432
3789 161
2152 4109
9906 2290
9992 8047
7096 7184
9596 6977
6644 3570
6603 6769
5231 9140
3509 5672
2154 2889
5289 1969
1842 4865
3499 3443
9646 436
3356 375
7546 1792
6360 2773
8106 8058
5360 7152
1076 6601
6385 6806
2380 8921
4025 543
9339 4104
3063 9264
8714 8283
4673 8760
739 2999
3255 6652
3468 517
859 2347
4502 3860
9802 6883
7738 2987
3281 9332
7760 6332
9548 687
9452 6303
2912 3457
761 8599
5415 9378
6808 8395
911 8625
7155 1389
9259 7460
7448 6141
9856 4428
2044 2566
8298 8542
6989 3880
9483 9201
1189 5477
1100 6233
4889 9586
5672 6627
6897 5515
8592 1721
5307 2013
5438 5424
3984 152
1356 4895
9504 2944
2388 1979
2595 6984
656 7131
7533 6332
6857 2176
5856 5410
176 3545
2489 7642
8103 8686
8468 3002
2668 8190
3860 3709
1912 6891
5625 2580
6773 8310
4695 1735
8834 4710
8662 3684
3311 5123
1622 5773
854 1977
7702 8601
8336 4964
3342 1130
4938 9063
9940 61
3058 3104
974 5993
9465 5729
5266 1996
6219 5528
6366 4247
4853 6977
576 2199
3209 610
7031 2856
307 9727
6601 4123
1894 6576
2550 8034
6404 8862
1190 5947
2639 3525
526 6413
26 7110
7292 6487
6740 1271
637 5319
1488 7257
6422 6384
6627 9155
8822 9319
5161 2296
1281 113
9403 3467
9725 9741
5509 1150
7574 5631
8524 6726
4783 7003
7132 3462
1223 1847
8653 1741
9390 8313
165 1561
5735 8216
1175 5042
965 3427
6772 9945
3224 6373
9757 4758
7773 1166
2468 816
7196 6661
802 6582
415 8791
6488 7508
8989 3727
9042 6098
2941 8631
8892 926
629 2179
8048 8980
6715 753
9507 2784
1849 3702
4274 9443
7312 1085
4790 7624
1623 3411
8834 7277
4203 1146
2851 4286
1723 419
2180 8990
4028 7510
8569 5544
1652 6925
2185 2350
2474 6833
2332 4145
6908 9018
9856 6357
8461 2402
5462 9037
8570 7706
4991 8695
1783 5900
4981 747
4904 8449
4035 3252
9651 8581
4494 9859
9079 8334
5082 596
5044 6124
5383 4079
3982 5135
4412 538
9036 7681
8352 3318
2775 3803
6344 1722
3017 1094
5070 5751
2703 544
6579 139
6226 9159
1174 5244
6758 5909
8310 3990
3396 1734
5006 9368
8208 4805
8902 6587
13 6755
1740 781
1290 9317
2112 176
1559 3391
7714 7493
793 3307
8042 4425
7203 6441
4539 2538
4264 8704
7958 4554
888 7811
4416 1391
2791 8251
1948 151
328 9715
6866 2347
5142 4681
7109 5971
3381 3978
7375 3268
5589 6651
2925 5111
5910 4290
5491 1387
1037 9488
8795 7581
4771 2738
4946 405
3598 9093
5607 2352
3500 8902
3529 1213
8373 388
2952 328
9631 2070
6215 6963
6792 9993
3680 2111
5345 284
6784 4141
5266 3944
6426 3148
7293 2036
35 1895
2359 7135
2581 333
5585 6703
786 4902
6718 5705
3118 5398
1826 4207
4307 8261
2449 3182
9919 1857
2830 1411
3613 3010
2277 7517
7916 254
8368 8084
854 3090
7958 1710
4512 4293
9453 16
3748 4645
9720 7248
6587 8861
9632 3834
2096 8993
9581 3815
9792 1003
46 9025
3439 2215
6686 6523
8685 4639
255 4020
8652 7155
4367 7312
8998 2289
985 8665
683 7426
2916 3546
378 5680
6510 1318
4673 274
3254 1055
5102 5140
4535 3272
8410 5708
5919 9844
4782 2739
4177 2794
2070 7856
9805 5534
4001 5495
1879 9653
9891 6316
4610 9617
1646 6313
4841 9021
2056 1075
758 2667
3656 8282
9549 9074
6217 210
8388 1125
8365 4117
5950 6374
2803 6396
5089 5811
383 8086
1066 3375
558 8639
8376 5761
5856 3321
8254 8045
7517 3903
6324 2243
7714 676
2508 5992
403 8348
8669 7179
7526 1553
7181 5898
7218 9903
2209 9144
322 3741
7054 3009
4767 2810
1115 754
7857 9698
3007 4650
9614 3368
1971 4340
3259 253
2741 3534
3835 2520
2586 3563
6739 3216
906 3594
441 3469
4755 1070
3330 72
8256 8526
4955 1952
6802 2538
5 3505
2355 5902
1065 6139
5239 4641
3987 9511
9977 9604
2379 1092
7833 5471
5106 7893
5812 9753
4930 4016
7119 1953
9816 2111
7760 9992
1667 2768
1229 5100
7007 7763
1672 7471
5817 632
4150 2667
6405 3526
5227 8591
9320 4039
4161 5865
5050 4553
8536 9791
9696 3429
2395 2703
9628 3533
8291 8840
6170 7827
4355 803
6647 9943
2832 1154
5523 3460
3901 4185
89 6636
3259 2416
6890 2609
4685 6166
1704 1454
9300 5977
1164 4389
2226 7712
2348 3568
3579 6125
9117 9497
960 2923
4593 6704
2595 5324
3242 9556
4295 5420
7091 8428
8547 3317
1733 4379
7589 6716
2467 6398
1724 2970
8286 9746
1571 1264
9856 5508
2242 9917
7733 8625
7810 3736
826 4473
697 3005
9424 3245
9974 4802
2530 1109
7299 1131
2995 1707
1872 8761
1306 2413
9734 950
8481 8196
1807 4791
561 9711
594 5652
9818 3762
5640 3040
1686 8762
656 7437
7292 9954
1745 3225
7623 2556
8827 7357
9673 4004
1562 7249
1046 9570
5713 1477
55 3411
5875 1417
9223 5317
1460 3907
1539 7981
478 6337
8075 7523
8883 8574
9040 4257
6099 2494
9055 2125
8495 4
9681 9389
4691 7181
2454 1326
5286 135
7776 2356
5795 7839
8295 4449
8433 489
9232 2928
2821 6355
2359 512
5567 1105
9781 8153
801 6765
7813 102
9150 6710
5381 5072
3983 3387
4212 6135
1589 7370
9405 7734
4052 3656
7511 970
2963 8056
905 6537
5206 925
1954 7284
9401 6496
826 2491
4169 8242
9415 753
4543 857
6133 880
5528 7482
4186 5092
1880 3973
9967 5340
1629 8089
34 5743
9190 4034
6979 799
7722 802
9672 7077
7729 832
2137 3936
5648 4004
8730 9020
4330 5411
8674 3577
2484 9720
3714 425
3281 1003
7573 5907
1991 4108
2320 229
1009 6227
2776 7757
828 3275
3819 4326
821 3685
3627 866
6356 179
9911 498
6555 5362
433 8971
8198 5992
8535 2743
6345 9108
8084 7634
7555 6845
7121 9576
7272 920
8504 4521
4791 7579
2474 2365
4366 2564
6009 3079
188 6977
8601 9882
2457 8825
655 5569
3965 5009
269 4120
2803 63
252 840
6423 4321
6404 4834
6376 8047
4398 5105
8257 433
7290 2061
9785 7127
2713 4111
3878 5939
308 4463
1912 6157
8936 3191
9862 1377
5019 3751
1428 1564
1964 2476
1432 288
8938 1738
8433 483
9787 8815
4472 6117
3637 1816
7371 9286
3336 969
7929 9232
7787 5492
952 9524
9232 3812
4525 8528
1951 7204
9127 4733
1783 9325
8393 2784
9796 1905
8353 3594
6964 6307
9546 5205
4350 3810
6720 7229
9013 6283
8059 5428
4230 278
1152 2879
1985 5351
7297 3049
3368 3388
3447 9661
6530 7537
6702 2812
4411 1209
6463 7282
624 4222
8249 5160
321 1877
7901 1389
2437 2598
1012 1871
3420 3679
581 3226
1270 4407
3773 4215
4738 8083
1836 1679
2412 5060
80 8609
8619 7036
52 6980
3725 7727
5164 7748
959 4117
6633 6461
2870 3300
7634 3644
9888 9809
5565 9594
4406 2879
3857 4261
6081 7196
4122 3247
5086 8482
196 8836
5978 1916
9168 3515
1376 1535
3763 4254
9102 8168
7101 5832
5098 6231
6893 8245
5367 5288
6448 8846
8611 5585
3619 4576
2517 3298
9580 4433
2664 9929
762 5811
1577 6294
3251 3198
3052 6352
4827 8898
1687 9600
3487 2247
5756 8282
2419 7279
1670 5434
6291 3578
7537 750
3272 679
1838 7410
8356 6753
4428 2872
7165 3632
8499 2066
7276 3035
5818 9807
775 3546
1353 5717
3111 4290
7732 4730
5861 9064
9428 9773
8526 6184
7174 6447
6375 3008
890 295
6498 5728
2630 6101
485 9332
9214 3624
3450 2747
330 1385
379 5634
335 2244
1358 7863
6344 3933
1285 1986
4337 3953
6381 1177
1517 9250
5815 379
6461 1510
5411 3386
7494 1409
5665 6318
6449 5406
114 6358
5378 4773
7981 9184
3488 4076
1945 8598
4062 6615
5208 7035
398 8228
3968 1432
3603 1225
6925 9591
5014 983
6987 1183
1098 5688
6072 6383
4125 1578
4226 2342
5758 1342
237 9988
6251 5889
6624 4003
8175 5311
5429 8566
8983 4991
7588 1924
9909 9702
5648 1714
541 8104
2293 6279
5328 4000
676 9631
947 150
45 9527
2835 9670
267 4227
3596 6245
8033 2654
3742 9864
5329 3345
4495 3545
604 3782
3420 2396
7067 8165
3312 3000
9717 6352
8953 2952
3048 3258
4761 3023
6110 2973
7040 5397
6926 1354
8757 4296
9566 1880
8126 4246
8242 5011
7599 8283
7368 2319
5618 9232
7074 6361
5759 6397
7347 707
6192 1318
9179 8613
1428 7539
7514 9863
7809 7662
5255 6188
339 6589
494 3117
5846 2403
7290 237
2692 6605
8527 2693
8150 6268
8317 8
1644 8458
9593 8403
3142 1138
3782 3120
8212 8062
8794 6516
2674 4802
4787 5995
5061 4892
9663 6076
9784 5670
2225 1554
2035 8717
5024 3614
3835 6155
4697 8034
6221 3784
9996 3384
9639 4129
3050 3737
2941 4739
3463 8824
6559 9679
8758 6627
3396 9616
4577 2116
5116 8907
8110 4823
9902 4974
5546 8080
8041 586
8860 3673
5629 6599
1986 5536
5967 7016
1302 4023
5827 3666
3914 2071
9701 4025
3791 1775
2846 9579
7547 5282
5746 9032
7236 8148
6356 8767
6909 9498
4298 8019
2767 795
5057 4640
3555 4488
1939 9591
9266 6584
4955 5561
8364 7846
9727 9679
1720 6121
2862 5048
4088 4153
1853 6819
5678 1344
5172 7098
1450 4366
3714 3168
6416 854
8568 5844
2794 1450
9366 8070
986 3768
2890 3741
7111 7402
7614 9472
2806 6805
7851 4718
644 9944
6455 6687
6900 4645
3742 3518
5984 921
5819 5228
1947 9410
1510 603
8365 8946
2643 1870
4350 1159
6329 6651
3156 3545
8172 1375
4 5043
5747 6518
2242 1542
5810 6452
9409 4288
9757 8698
6560 6721
6177 3873
9978 4365
5578 2005
3604 3297
8862 1789
6508 8054
2084 9875
4107 6300
1217 6670
5629 1064
9472 563
7385 8053
9694 1091
2349 7660
4977 9404
8932 9950
7196 3201
1780 3533
7742 6158
5012 2270
154 928
8752 9677
6098 9209
4920 4205
8342 6692
5228 2725
3811 2925
9254 547
738 9421
4545 6005
4413 9836
223 9093
1618 3091
2305 8438
4205 2786
2413 9643
8272 9384
5172 2244
4862 7157
6596 6342
8520 6157
9232 4261
5061 9460
1584 9761
7767 8588
2361 9154
2520 9399
9015 3981
9913 2649
536 2564
7892 2925
4478 5947
3310 7382
1007 2666
7098 8730
9332 4841
5206 3301
6716 9436
6422 3612
6363 685
1762 9050
5834 7234
1254 6440
3616 7263
4471 3000
2202 1941
2033 4709
4422 5908
2668 3798
5780 4850
1959 2726
7423 255
1366 6848
6167 8099
9146 9422
7769 7261
5589 2370
4468 2388
4217 1366
1455 6717
1953 6517
5644 1724
1837 21
7483 7159
4341 7896
1141 4277
9365 2777
5587 1711
2397 2474
5533 6012
3005 8215
1402 3131
9909 9206
6954 8503
6536 288
25 5117
3444 2061
6867 3896
7926 3899
2250 7661
1046 4480
325 4511
4404 4480
145 1805
4322 7192
6984 3165
2514 4984
6326 7462
4758 5734
9514 1702
1742 5413
3368 918
2703 8775
6549 6606
9677 6908
5399 3502
7067 1118
4101 1247
1536 3511
6909 1721
7934 8838
4505 2191
1421 5115
904 5501
4837 5745
335 520
4295 8988
7028 5422
6607 4354
4106 6944
640 5424
7030 2927
4257 5657
7831 7324
408 4013
4981 6423
3666 9881
905 7293
9926 5915
4496 4795
2460 2354
4101 9039
2931 945
7845 7022
534 2590
6742 368
2662 9363
4905 5333
5264 4302
1562 6456
2228 7080
2589 3504
2356 7127
6038 1897
6657 4062
9380 6104
3756 2396
9281 9386
8546 5895
9955 4586
9919 8149
5809 7097
3550 6590
8633 2654
1682 6799
8270 31
8792 2666
6851 1320
7061 3551
1021 3034
665 6573
7399 8618
1582 8918
9033 6965
1196 4975
2661 8396
13 4874
3341 5557
2627 7815
1008 5073
7558 6042
9834 8014
3154 3066
7259 2253
9761 5422
1470 5519
6723 5290
1971 7264
6925 7006
527 7730
2385 8397
2398 9441
3577 8041
122 4481
6453 1696
2662 1780
4049 2703
8434 1845
4808 3682
3284 2324
5367 9554
8734 8505
4226 166
9776 9046
3647 9557
4435 2189
2379 2489
4734 5210
6402 379
8132 8900
4360 6514
5318 3737
9699 4594
5774 4875
3281 7385
8675 6317
6792 4294
1889 7082
4866 8268
2714 9331
1715 5050
3756 405
8553 7427
6543 2851
8566 8042
324 7799
5927 8577
9072 409
7757 194
6630 7397
9070 9605
887 8562
6414 2919
151 7337
8842 9972
6122 2560
27 6688
6023 254
3863 4812
9400 4054
2377 4430
3052 5128
7634 7063
7069 2952
8667 1449
1129 1378
9500 1486
8932 9698
9335 5012
408 449
5062 7892
3463 7515
9374 3573
5063 7158
1169 5343
1408 48
5645 8361
3981 6402
422 4234
8016 5725
371 9357
2325 8014
209 1550
297 8687
8378 5738
9107 5206
1630 1257
1372 4516
8392 4852
4229 9816
3303 2330
1885 5018
8330 2279
2853 275
2063 2948
1331 4945
8225 7929
2451 7241
9942 8371
6854 49
9132 3373
2658 6267
4929 3054
1769 7752
3877 7555
9770 6754
8945 7174
9367 3993
5612 4778
3381 7432
9183 7006
7713 8730
9194 3435
2419 1606
6949 3387
3445 2954
266 1766
6711 1659
2699 3524
4684 7031
2117 9786
1369 978
5428 2994
3866 6237
759 4759
9390 3117
4532 6253
4538 584
9731 2982
8532 2688
39 6019
5515 4825
7179 5029
3676 9331
5535 8685
9372 842
7937 8516
5267 7634
2429 9047
2667 2565
351 5743
6508 2087
967 8105
9974 9583
382 5052
2510 6869
2704 9253
9367 6143
502 1783
7871 939
4859 8896
9279 3302
2291 5705
4405 7185
2273 4242
6249 8193
1761 9459
7563 8090
8442 4548
2807 3167
6960 1409
8449 2036
3159 8968
6032 8457
5385 9621
6798 8787
6289 9331
9692 3349
4998 5579
8045 9717
324 738
5949 5692
6994 7794
5650 2472
4429 6368
2778 2435
284 8991
9331 3668
2569 4804
1619 8928
8307 9617
2825 7507
3416 3251
6542 7301
1661 3574
8664 7822
5470 7295
1583 4041
5979 8573
7863 3108
7121 766
7 3622
5156 7319
7691 4318
702 1914
6024 8863
4343 7350
2970 6452
9373 6651
1509 3020
6028 683
732 6220
8291 996
1241 1378
1705 8549
9658 2769
2748 2679
8998 7110
7218 2021
6159 5778
8155 6300
8463 8510
7782 1379
5583 9762
5557 3151
9494 1316
5380 3688
9098 7804
2489 4855
8266 8591
7609 8190
2688 5732
4328 5584
3881 494
3377 7160
2957 4882
3090 9175
8273 539
8739 8716
6638 7622
4221 5949
9841 9496
3093 9402
8243 7227
5971 9263
666 7236
2263 2719
1909 757
5551 3565
5748 112
6296 910
5342 6386
3170 5219
7467 6766
2439 6287
7904 2852
7844 170
9694 8876
3217 8685
2683 27
2937 7454
8980 3994
5441 5370
13 5179
4875 4961
9906 8401
971 2268
3871 7514
8521 1057
9527 225
4247 7358
3272 1282
4537 1113
8084 7423
9504 2846
3680 9683
8954 381
813 217
8690 8236
1659 1423
8879 6498
298 9905
6233 7306
31 6837
3826 1356
5854 9692
6949 7437
2531 5174
5651 6049
9806 4427
6627 2247
4666 7662
5281 2818
3581 2208
7769 654
9094 6718
4568 7692
1746 8570
4974 2126
2304 5683
1915 524
7483 9654
9933 6141
2649 5026
4935 9665
9787 3007
6311 9887
5822 6866
5352 6495
3450 3342
2502 4347
8274 5019
8572 2478
6197 366
9937 6895
4193 1492
9142 6771
7322 938
8340 6311
6154 4164
9119 3653
8930 5154
9355 3217
2390 7707
9279 5332
1938 7813
6424 7098
8771 9817
3446 5226
2594 4366
471 3785
3527 5641
5749 5139
446 4815
3464 7543
5906 126
650 1298
4995 8356
4519 3400
5623 4938
376 8991
2135 4571
5909 1349
8899 1561
7606 3585
1401 4252
1146 4457
8603 4386
8478 2301
8806 2639
5300 1520
7853 5256
3149 1326
9812 3720
7038 1019
4510 4410
1358 2723
7608 6196
7977 4118
4276 2310
196 7875
8048 8941
9930 179
2061 5130
5039 954
6692 2010
8442 3802
4548 8193
8342 4706
6119 9241
9341 9671
5965 6976
218 2609
3284 88
66 9809
7233 421
4776 26
3928 5365
1309 4161
6962 3926
457 8982
8674 9098
4817 1890
8973 35
431 4885
1940 8265
4574 1075
4775 5750
6239 9907
9093 6538
1536 3313
2886 4452
9480 2155
2935 7137
8815 16
4681 2020
307 1260
3156 3908
2896 793
3707 6212
865 3012
8014 4754
3318 3402
5742 3962
4157 687
4966 7754
1346 9
4911 4212
7618 2775
1723 4565
4627 2475
2411 8818
5812 2634
4945 4681
4456 9181
9843 1877
4559 8234
2743 9493
8054 6584
1734 7238
1682 326
1102 8448
9090 94
7298 4868
4924 7726
4894 7206
588 2264
6781 372
6643 9468
7139 9003
1535 6700
5013 2590
5871 6553
2170 2629
517 1212
7718 2028
3239 4444
3589 1088
813 3305
1332 8955
5928 2274
1988 9461
1135 5707
8481 9689
8732 7088
6359 8338
7831 2881
9499 875
9236 4758
768 3217
2453 4279
1212 6512
2134 5080
5707 420
6226 3286
450 5015
6121 7658
7763 5392
7226 9088
401 1119
219 2910
9891 5193
7937 2773
4971 6074
2450 1136
8126 6200
5369 1786
4421 5683
8191 308
2721 7097
6870 8309
2955 8807
6596 3509
1290 6114
8157 6367
5209 204
5845 4362
1485 7154
1675 613
6783 4638
3902 6712
134 6404
8041 318
3005 3470
7249 2246
7806 6708
5341 7708
8103 6170
5711 4169
5443 6876
4623 9298
6927 2900
9384 5452
2241 4103
6351 4833
4007 3394
4599 9183
1438 6199
5729 3319
2759 1392
1823 8014
5773 2270
6024 2201
5290 8086
4084 4561
5949 8231
1857 2610
4083 5637
9327 4735
3279 2783
4797 7040
8140 964
403 7873
2688 1092
3370 8667
8739 2412
7071 9301
2646 8165
218 347
7403 9587
7663 2115
4977 9984
188 3831
7911 9142
2349 2305
5499 4884
1794 8587
1140 6884
4762 1245
3656 8054
3997 2286
1434 8008
5303 9592
4511 1090
6323 3388
2429 7633
55 1489
3804 661
5194 6067
7003 3520
4044 6169
8821 7081
5212 8748
4140 5416
8482 8024
4419 8145
1434 9546
889 6733
409 974
4799 9083
3877 6960
8910 3517
180 8270
3279 790
1440 7939
8983 7005
6414 9444
170 9277
5868 4599
4143 9002
5378 1471
3835 9581
1081 9644
7622 7566
71 2140
3026 5182
9552 9775
5628 2865
4118 3520
983 1356
2217 3717
3994 8728
5544 755
8121 3359
7078 912
2434 3670
4335 6646
3572 839
1684 8504
8455 9808
194 8736
111 9025
5499 8304
8854 9118
1750 5882
8039 9829
4323 2334
9009 4792
5999 1918
9044 6813
904 2085
6877 2002
7880 7303
879 7925
8356 2556
7538 4441
4057 8358
6040 3922
5663 7753
8254 1717
4756 4987
8841 2790
4067 7597
1263 5628
3969 1325
9838 8397
9400 1324
9995 5793
3903 639
6731 4074
5483 8758
4176 584
1235 9305
5368 1202
1993 6958
130 7086
7852 7483
9148 5375
7601 4506
2176 4120
2110 1758
9886 4253
983 1443
6075 9416
4349 20
2050 4860
8676 6285
186 1355
451 7739
7245 6839
1327 2597
6701 2997
722 1168
7990 5751
1048 5957
1851 4197
1300 2673
1752 5201
1440 4438
4952 1488
3037 9220
9427 5581
3386 7850
6484 6057
9834 8362
9432 381
2350 5633
4202 6373
3105 9830
6519 4273
4039 5528
6159 3028
566 9075
5960 4056
9006 239
3961 9745
5704 9894
9410 9849
9250 8797
9877 1383
695 6327
6551 9023
8743 2380
2021 5812
4023 6457
7972 5620
4768 1500
4584 2043
5188 1529
3420 1141
9132 575
8781 7019
4417 2804
8468 4183
9703 3112
9539 9980
1839 1520
9478 4250
4238 4213
2140 7286
1508 3334
1596 3012
6098 1194
4617 782
8375 5105
2287 6725
4050 7881
9002 9484
2997 8049
5392 8302
1574 7658
5168 9349
4455 9985
6149 7573
9290 8238
9711 1354
1747 2895
3453 3178
3996 1884
4758 7402
1116 5087
7741 5711
8915 3950
4896 499
4168 5185
4523 3132
5652 6022
6289 541
8280 4330
7242 2331
4700 8476
4321 911
8357 8902
2883 7021
7267 1015
7884 4118
9135 7417
4517 78
3538 7166
5683 4200
8392 5410
7109 8181
8222 3809
7038 272
7818 8962
1503 9331
7999 7886
6390 3991
4910 3968
8204 5167
8608 734
8144 1818
1214 4818
573 1373
659 8829
7400 8312
1593 7001
1601 2153
9506 6377
1759 2555
6325 5935
2882 3599
6447 7126
593 3526
677 5672
597 6557
9580 6145
6327 103
8683 2931
9288 6620
28 5110
2657 9938
3190 5413
944 9022
3083 2945
98 6580
1187 9935
6241 9688
7008 7259
9492 4467
6917 8419
3955 8479
4623 2483
1227 7854
2332 6648
7955 2016
9969 7457
7927 8814
4285 9986
8755 147
1118 6719
192 5536
4325 6440
2545 590
834 7201
6428 794
9166 5339
8179 9808
3783 5014
3668 671
1719 3573
8646 705
2988 7668
3673 9652
6445 1742
2596 3758
5837 3164
2736 4965
8687 6096
9479 9092
7097 2420
8033 5048
4522 7455
9554 3825
2465 7272
152 7897
8429 4748
6844 9694
3420 3911
8406 9058
3538 7989
863 6993
6528 1966
1459 1585
1736 185
6507 6514
7989 4565
139 3898
1596 8625
9231 6847
8048 3910
7601 5637
8831 3954
4370 4319
735 9052
9146 1107
1849 7517
4535 8278
7745 9217
829 7792
5288 9536
297 8402
8609 8174
215 8771
706 5323
506 4318
489 7141
67 7747
6820 2784
7522 1942
2779 4267
6808 7208
7764 6187
4734 5305
2602 8249
6605 8334
2377 4765
1659 8233
1925 4499
5564 2958
1455 7536
1283 1388
3987 6458
353 7782
3709 2831
7455 9477
4707 3918
866 8018
7726 9319
9578 4932
2703 4610
9435 4609
5924 8142
5485 4834
2260 5956
3505 7625
8089 4230
2757 2741
7998 9862
7801 7762
3279 8884
6857 7562
6581 9120
5585 3036
8790 6597
3411 9257
96 4372
4645 5932
9536 1395
2673 2114
3332 6204
7575 7723
7123 6010
3617 4777
5653 2313
5482 4289
4903 3382
2326 2246
8233 9315
2451 9261
7976 3394
2791 6964
7916 6054
7787 858
4466 4550
2862 4106
7767 5470
3391 3877
5012 2996
5685 5839
8709 5502
7087 1724
2251 5086
5736 5087
2160 5142
2011 7146
453 9401
7963 4032
4178 9085
3878 4601
697 2036
5319 8411
4845 5377
6238 3683
3242 2973
3909 5669
1074 2154
825 8854
1865 1632
544 7999
8651 4231
3626 5820
9801 2424
7906 9628
7491 3966
5498 7060
2255 8266
5420 2872
8476 6094
4981 541
8290 3605
3474 1783
9921 382
5031 8986
8163 3563
1016 9333
1693 4087
8207 240
7980 811
8907 9168
4851 8614
8513 2871
2818 3603
8869 7259
4844 7017
5040 4209
5818 6103
8537 7382
2500 8442
7610 2875
31 8322
7785 6764
1623 7107
9778 6044
871 8376
8035 5581
9889 941
5872 8565
9241 7974
9175 5756
8299 9558
6573 7662
1405 6405
3382 9658
4561 4886
5757 1734
1712 4877
2961 8834
4835 6820
4120 6340
3128 4873
696 1053
2914 6328
4389 1115
2817 1939
6154 7792
5389 4205
4806 3443
5586 2848
1538 5583
4702 9852
9039 9456
2154 8417
6858 340
6044 5479
7012 724
8271 7149
6402 6926
5482 3117
4194 3410
4370 350
9741 9021
2442 5176
178 3328
6751 2636
8394 6838
2317 7774
2225 9867
1665 2426
6030 8043
5182 310
4523 1426
5024 8237
3693 260
7812 5314
8408 4694
9881 2883
9476 2485
2239 8791
691 5585
2047 5159
5935 7157
2972 5109
5049 5205
4413 4148
8974 9700
999 2713
2004 5676
5170 7857
2187 1352
2177 8023
4913 7491
5765 8699
5798 2024
9775 3748
2969 6977
6053 8760
8133 2736
7528 6175
6687 3190
2947 2349
5556 3200
9058 6008
54 1431
6107 7726
416 2426
1550 5682
4660 8022
3457 1733
8863 2564
4915 3990
3559 2542
9381 9898
5108 3348
3999 38
5499 5550
5986 7093
6053 2412
4460 4505
7252 8579
1953 1625
4539 9877
3905 1695
3218 5445
8441 783
444 5634
7459 9538
2221 7472
3955 2406
2387 8221
1671 2740
3452 591
4603 8833
354 6395
8094 2027
602 2855
233 7533
5291 404
5511 6875
9975 6554
978 4456
9960 8345
3990 5303
1586 3053
477 1505
8172 8605
9102 1219
8843 4106
9023 6167
4209 7664
9292 8673
5709 6232
7387 987
6440 2221
5606 1038
7594 25
1505 209
5026 3717
4782 5821
2922 6489
6746 8853
3846 6763
7458 8242
9186 9813
5906 1019
1120 2588
9899 228
1535 4572
1331 6276
266 7570
7078 3489
1770 5699
9810 6355
4709 5569
4848 3396
2404 8296
9848 9177
7662 2836
4169 2191
9797 8207
7148 5310
1579 2682
5762 4425
6195 4691
5814 2417
810 7159
4072 1757
2293 7499
1533 8359
4277 8719
4661 2747
3841 8918
1996 3975
7591 7530
672 8918
5338 7542
9071 5013
737 4377
3880 8561
9443 2742
8661 649
1405 6089
1347 9471
3522 8175
1643 1311
9592 9155
5757 7332
8191 4264
1651 5190
7729 9214
6512 5438
1506 9507
1979 2626
3 4825
2083 3766
8480 4977
1984 898
6125 3090
1015 1000
7789 418
2784 785
2357 4192
9882 5867
4241 729
5413 8661
3096 489
5331 8106
7286 7547
1770 770
400 3490
3556 5517
3993 4776
5996 8082
3081 537
2892 9217
8573 616
1296 282
1667 6849
3411 4437
5068 5618
8177 689
2282 1498
597 613
2213 3530
62 5054
7368 476
5473 8016
9851 1352
7343 3040
1770 1420
7048 467
2329 7335
6394 6119
4423 2819
1713 2694
9697 121
50 5089
3287 4616
6087 5836
6809 5791
1398 8321
3273 5392
2100 6377
529 3051
7533 3502
238 2452
8088 7664
3239 5256
4363 2631
7531 2849
2840 970
2524 9501
1678 3761
9251 3146
1460 5343
1988 780
8874 8692
667 9246
3484 8244
9646 3318
2219 6506
3103 6051
813 4448
511 2953
1829 7674
4342 8135
3061 2947
2320 9250
6210 7253
9954 8273
9079 3462
5500 6488
5851 4888
4347 6562
2674 8803
7714 1713
3142 8669
7375 970
3390 575
6309 6306
13 2264
6474 7378
1061 8333
9355 4037
469 9424
979 157
1777 4015
5797 6633
7675 9546
4124 4502
4696 455
1346 5456
767 6428
5234 4579
8593 5353
5543 316
976 1940
7565 6201
3188 2742
8455 4872
8656 4489
901 2112
9368 4793
2662 6156
2987 6540
4987 8514
535 7654
6946 9388
1007 2113
3833 8110
2049 2140
8530 7221
2753 5447
39 8706
8393 3902
223 6795
937 2574
4855 5940
5220 3900
4225 7127
5011 9969
1186 1007
5388 8960
544 8120
457 689
8968 7775
5047 5045
1282 380
2842 5615
2441 9283
2002 3919
657 1797
8052 4312
8055 1335
4371 7577
6673 8046
4202 6504
688 1436
4880 5499
4946 9612
1726 4528
2651 1212
8984 169
6719 7442
8942 6102
3715 5566
3393 1176
543 5766
2664 5021
5236 7517
6281 5344
5742 4948
4595 3398
8941 745
5550 5397
6690 2261
7912 4418
183 3970
5208 2598
4608 1947
4397 2529
2815 7933
398 4371
4506 7494
5557 1198
4136 8511
3537 8522
4709 5489
7293 1521
7028 488
4198 1399
2445 3098
6421 4163
7757 5996
6308 9487
1564 2753
3624 9822
8925 5999
5549 9735
6027 6698
588 8962
3985 4460
2215 6089
6097 7504
2777 2208
7056 6429
1143 5341
5026 2986
7738 2914
4059 6915
9871 7798
5018 5454
137 2841
6574 3244
2175 2871
9406 2518
8495 6424
8620 2027
7622 2997
8988 4203
2093 9475
2 4710
7851 9702
6494 7522
4272 2367
140 2398
2284 6237
8168 1342
7450 6476
4901 2652
8356 7780
7598 7738
6499 1382
2007 9508
4523 7872
6249 7105
5182 8816
2778 3704
3991 7260
7592 7210
6990 2781
9186 5346
187 3435
8901 3819
6333 2321
6838 5598
4509 348
2650 8070
9421 9029
4818 4957
9317 9068
653 4155
3836 3505
4518 2200
4227 3793
6004 5736
2976 7259
3780 2503
786 9648
2281 1728
3437 7771
1580 2510
5424 3128
6293 5470
3998 6109
6225 2319
9173 2924
8132 9692
2014 5188
2640 1940
1243 3092
5065 8525
245 5927
2476 5893
8939 309
320 2946
9377 6952
1980 1946
3057 8567
2602 2250
5526 153
8117 7264
6879 9220
5202 5788
7604 2546
7240 5244
8648 2667
2079 4057
9380 6976
930 4009
2301 3657
2132 9941
1191 9767
5876 5031
3172 115
6905 9551
2794 8239
9922 6703
1394 59
8365 1056
236 2180
1118 1429
9781 2613
6229 2336
9726 2611
3693 7243
3074 738
2364 5362
5038 6836
9476 6196
2267 3503
4732 9681
5318 5312
8953 4149
4465 1959
5993 1303
5090 4412
6544 3464
9515 5578
1782 2667
8587 2725
3080 5071
8643 7576
9385 7226
5884 5057
9766 7814
4885 7046
9870 7425
2671 2008
1150 6264
2763 2910
9797 629
45 3651
2122 3349
9876 2170
8011 1631
7520 7315
1827 8823
4616 3086
9680 1069
9310 6020
1529 3378
2516 5622
925 4972
5208 5701
9889 516
6505 7886
3601 2615
9878 2219
3498 8879
7603 8488
5606 3408
2977 7477
4162 1193
5048 3254
2106 2845
6758 1430
1036 4822
64 3281
4538 3125
886 4708
7350 2253
7334 472
4081 5403
3629 2507
9960 3676
3141 7130
5572 3104
6046 8143
9571 2300
3324 9071
3966 2603
37 3918
3726 1813
2384 6415
8726 3441
3546 3859
6261 4689
1052 6737
2990 5278
1430 9181
8761 4260
6244 7026
4711 9421
319 1554
6458 123
781 2757
5301 2569
6864 4925
3364 4413
8232 2134
4821 4754
8274 637
6330 3752
7465 9761
8839 2501
7909 9608
4576 9369
3409 2123
8447 401
7858 9553
5098 5845
3541 5924
5296 2768
807 4351
9220 5107
8417 4478
5135 4813
6618 388
2046 2231
5218 805
731 3291
8801 6430
6372 3925
2819 2010
2158 7160
8002 5621
2189 9919
5810 6207
2064 3595
3314 1423
5572 7517
292 6181
4391 7934
6616 5521
4916 2896
4729 1871
7307 2370
6029 3862
8135 2927
438 2535
7395 5320
1441 3297
1173 1544
3860 7426
2772 3083
2716 4096
1000 1361
4018 153
301 9153
7463 890
2127 6525
7068 7481
2031 4996
2133 1145
8468 1644
7684 6138
693 7658
9517 5573
7203 6434
6598 3872
612 9080
7291 4949
1209 7261
6163 4564
4870 5447
7197 2550
3709 2724
5174 9256
4168 6902
8922 7873
3266 5658
8943 6696
7674 7382
6443 1068
3299 9652
5495 6833
5519 719
8271 216
6601 7712
9406 1866
1720 9745
7344 3694
3094 6306
6151 8880
292 2691
7072 2801
8572 4897
2926 3828
5540 7259
554 2543
3514 2944
5840 7816
680 5376
3186 1031
1748 5139
149 3113
7321 3191
6033 837
4331 972
3205 8750
5688 9753
9519 4019
7884 5016
6735 8560
3405 8094
2680 2932
6139 5743
7626 866
2796 4631
3481 9604
6723 1816
7000 3975
9586 5611
2451 7761
837 585
4539 1170
344 2461
6012 4842
9023 4348
38 6869
9956 7703
437 119
3447 7455
4820 9102
6550 1638
9334 7397
8941 5988
6830 1772
3527 9412
5616 4590
3762 2386
7652 4163
549 2647
5820 7055
2024 4663
858 2987
5124 8348
5879 6336
6269 1707
3711 9406
1437 4723
2563 1971
9419 9834
453 1133
2338 6317
8344 5522
5733 7665
4828 4017
6152 1040
8447 1128
2127 8606
9145 7167
1629 7843
2134 9632
5221 9295
6552 4727
6349 1616
4443 4036
7118 8341
2524 6107
264 4702
6824 6091
195 1659
7530 9405
7694 2329
9789 8069
457 8137
1145 7417
2486 6940
3947 7920
3669 4176
1122 1892
265 1912
9735 5564
9544 5525
876 9299
3198 1969
7787 126
9960 3843
9354 9355
3923 8643
973 4079
4823 7012
8193 488
7309 3746
2271 9290
2201 7832
5458 526
872 8819
660 5711
5648 1963
488 6036
6942 1498
7336 2829
3696 6389
8862 5180
656 5782
2084 2333
8979 3920
1776 2651
8563 5176
3289 6814
2038 58
3384 4115
3811 8808
8917 6617
1014 3376
8075 8926
6350 3497
8133 227
5950 2392
9813 5219
948 7967
4854 2182
558 720
1959 9767
800 1084
5792 8081
5526 7125
4291 711
3279 7381
1485 1455
6537 9417
6524 6493
2625 4331
9742 3072
6934 69
6169 9761
5235 191
3961 5940
7879 8204
36 7217
9765 1116
5991 2840
5555 4568
3599 9092
1930 2905
8219 7237
8529 5935
5466 704
3081 1924
4233 2805
7852 9003
2436 2222
1340 204
3454 5092
9406 9049
4370 693
7529 7419
9272 6638
1908 993
8227 2381
7561 3216
960 3901
2618 6028
2109 5827
6820 985
4791 2709
535 5671
1211 708
4205 6212
9461 6077
2691 9227
8922 2531
168 3614
8322 5835
5498 4162
8058 2641
6963 6542
8449 4271
7111 6030
9345 7565
4908 2327
5420 3258
4920 6847
7375 1894
1812 724
4407 5629
8879 6861
7005 4403
5837 7304
2395 7963
3849 7384
9739 3832
496 7495
3683 5273
9653 2502
6900 513
6863 4167
9127 679
4575 6996
8513 9535
8907 7403
4045 6131
1907 6905
9371 4206
7410 4521
4406 8809
6441 3959
8103 4209
2948 5299
6307 8962
3345 6862
3145 8023
6997 8713
3382 8560
909 8350
1751 6461
3181 7822
5606 4195
6549 9237
3643 5344
7195 5849
8554 3234
8413 1771
8024 659
465 8675
305 4833
6917 3481
6350 1707
668 8263
7342 6728
115 5756
567 5739
3552 2942
3209 6896
4758 2018
8031 7164
8603 7607
7333 3402
3716 636
9521 2429
7382 3292
6425 8417
7246 1589
1668 9964
8412 6090
6472 135
4075 5781
3978 8096
9913 4117
2547 9853
5351 7721
9375 6969
13 8270
6105 6425
8006 5767
3443 110
7374 8258
8732 7757
390 9629
373 8587
2054 948
8277 3993
6405 9206
1003 8945
6556 2581
8709 1659
9756 997
2385 767
896 2675
5754 35
6326 8341
6036 6482
3836 8469
7082 8117
7415 9111
58 7714
8570 4238
8032 4868
9867 3093
9615 9526
3943 7833
5644 8707
9387 4338
9182 2023
5716 3282
9070 1321
5017 2428
6764 8062
9167 3606
3218 2132
8668 5408
7879 9535
4056 6894
2166 6067
8471 6230
7041 9334
6045 9315
9732 7447
7680 4308
5160 3419
7042 6534
4804 245
6345 4928
4605 8367
8122 1404
3940 2533
3103 5351
374 9694
5091 8964
6258 3119
1533 6562
4775 2623
752 5395
5559 7755
3409 1574
8851 9485
9250 4197
9711 2277
9929 8245
8779 5728
3440 8505
7122 917
6221 3082
9616 3817
5501 1206
7162 9259
6343 8459
762 7869
851 1056
3089 8247
1235 3065
9018 7289
8197 7264
6638 1733
2505 3085
3410 9844
540 1789
2303 8747
7381 7950
5865 4982
4159 7532
1532 986
3111 8718
5027 6519
2838 1014
2364 880
1432 2322
1992 6380
6475 6658
9274 1017
3907 7962
5103 919
3345 8741
4741 9643
7151 255
3525 7452
9032 1170
869 3602
9120 2778
971 1530
339 4590
1587 171
5343 6592
1389 5119
6728 509
6666 887
4099 8068
342 391
1292 1728
521 2710
3327 8689
6622 5438
4172 3555
4218 9151
2481 437
5333 1738
4516 8515
5759 4467
855 1414
1480 7822
417 5237
2884 5448
5107 9327
9564 2778
5998 1605
645 8167
7939 1788
8303 325
2533 5369
5637 7047
2037 3188
2915 5528
912 2917
8028 7439
6286 6854
436 222
2306 8440
8598 773
364 160
8102 9192
1305 3499
1597 7585
5270 1684
7702 7807
6578 2534
1332 7271
5104 3350
7861 563
3944 6865
1248 8284
6175 2262
2568 6782
2810 7742
4002 5399
4420 8785
9093 4579
6892 5683
6412 9866
2059 5328
3126 6794
9060 8012
2421 6744
5208 5009
3642 5101
3248 8928
7167 9984
1197 5886
3981 1310
1851 8180
8089 1715
4453 7640
2989 567
9715 8583
2758 6042
1670 4770
4265 9208
2753 371
9759 7400
7151 7369
8645 83
7790 6158
420 5587
375 9504
1539 9215
2254 3748
9902 3839
2597 2156
1503 8055
1848 2443
9261 7708
2693 2667
5353 3479
7362 4252
8748 1044
5698 9004
7006 6300
2457 3118
7604 6493
3404 5916
5570 6406
5933 8479
4117 1743
4315 9697
5997 2873
4462 6102
4472 3696
5669 2576
9521 5614
6833 8630
19 8047
1761 7018
8340 7246
2755 7913
8409 2283
1498 8344
5098 2347
6446 1530
4526 4345
3591 9309
4821 917
2745 4020
6983 5609
5268 8151
7937 903
6449 9722
2548 2155
9560 1191
7958 9106
4948 7293
9827 6764
7792 4077
5513 4260
8966 9969
4005 4652
1725 2367
1380 3980
6386 30
1833 5964
7429 1103
8251 539
6715 9110
9925 1858
9478 6266
6295 4312
3437 1154
4334 8782
7865 3267
9021 2066
8586 2565
353 9891
7428 2722
5529 1030
7955 3723
2162 4947
6181 1472
3458 9733
1765 1048
8801 3491
9739 7312
9098 3489
8502 7315
1569 8684
4035 8856
3711 600
2143 805
5651 717
3266 7314
6329 7875
7022 6678
1357 6301
885 6196
1788 9889
8993 7161
6503 6690
6923 6565
191 3417
3372 2561
5074 8119
9855 1565
8997 6207
3976 7893
3446 2802
2416 2011
2425 2280
517 6490
9111 2431
9121 1018
6462 2257
2554 5644
6323 3770
6167 6163
3711 3995
5810 9912
9023 9635
4522 6611
7670 1119
1223 5008
5461 6450
4652 1150
7309 8176
6490 5687
5593 4581
4026 4503
9192 8004
6876 8737
1612 6390
7127 4509
3201 9703
6358 1462
596 2449
226 9149
5156 8082
130 9461
235 33
3074 8050
9656 7720
6060 335
2139 3684
1095 7370
6561 5861
9707 3222
4930 1859
5335 5366
495 8627
8835 9341
1589 2735
1220 9900
5650 3893
3678 11
9987 7464
7863 7015
1217 9638
3938 543
8122 8215
1148 6376
6127 816
1201 9832
4998 7912
3681 3459
886 3385
143 5871
793 8494
332 885
1093 2844
6360 8767
4597 126
3481 9584
4151 7388
5863 1196
8341 1138
7211 9142
8346 7535
528 1739
6848 8884
3739 9772
890 7214
1974 5796
2216 1836
9076 3579
2769 8123
3888 4435
9312 2802
8969 1561
8017 2962
9178 8273
2124 9548
6203 8216
4167 8473
5557 4958
7453 8525
4184 949
6584 6304
2566 5445
504 6771
8658 2856
4031 9384
1571 9524
2118 9875
3101 7503
132 2198
120 1956
9367 5682
8317 6667
2521 5038
9981 451
32 9813
805 8230
9819 3936
3369 9959
9854 8122
8936 674
5250 8813
5164 4908
6790 1741
9527 5981
5918 4574
1836 6289
4977 2955
9823 754
3888 7527
8809 4910
8598 1564
554 3875
8267 8478
128 8557
5968 6726
7418 6181
8717 4682
5545 3874
5787 2958
3296 6174
7392 5921
2805 8935
5140 90
9110 2249
8131 8054
6155 4010
1316 3688
1979 3402
9805 8528
378 2249
8869 4782
5976 2914
5209 6017
5090 6845
5755 338
5631 5465
5936 7120
4681 3495
9499 1757
4008 281
8588 5966
6438 5414
5328 1637
232 7633
7460 1645
1438 6383
3873 8168
3860 5960
8514 8634
7000 8766
8087 5267
875 1032
8511 9457
2348 4760
6769 8050
6755 5492
6679 9157
7919 9965
461 7867
4432 3325
8339 6898
114 5558
2342 7154
7442 735
4222 356
9094 5234
9967 4215
4876 7911
80 5894
5469 4575
943 267
8463 6548
9187 8832
3621 4697
2348 8303
2744 4676
57 7328
5952 2119
4677 5472
286 6202
1202 8702
6614 2894
6438 6360
4075 9302
2699 7631
7766 214
1767 9734
2229 5790
8602 1000
1619 4762
1407 7083
1724 7091
850 3190
9259 896
2254 7721
6560 3575
1986 9556
8000 2869
1110 5389
2602 474
8063 1449
673 247
5110 2135
8279 7254
6584 5385
344 246
5316 9986
8219 5805
8980 1842
1014 55
9708 8894
9646 4985
3378 5589
4807 6526
735 1277
6106 56
5351 2665
4496 9065
1751 9634
7323 6534
8121 9465
2571 923
5558 8040
8284 4416
121 8384
6899 6400
4602 1368
1853 6447
5777 8844
5917 6602
3648 6329
5749 8522
2614 2866
8219 2166
7572 6999
1012 8820
3537 6056
7742 15
9059 7228
702 9494
6425 8849
9633 6163
6072 789
1114 7471
1028 8483
7191 1078
1817 4449
7972 2944
6976 5904
3177 8038
8328 3841
2764 84
1995 1953
9711 3472
2112 8936
6579 6770
5774 3302
7359 1804
8860 121
6046 6981
9959 4740
7472 1965
9635 8185
1846 3831
2006 1568
4863 2340
4644 4350
8868 9231
4724 9404
3074 3425
8558 1254
7536 4723
8144 7131
7403 1000
6120 4704
1638 7353
3046 5172
6025 5164
9656 41
6359 1570
8559 3194
2373 9994
5558 4758
5567 4677
2349 8007
4 7691
339 8245
4805 2289
1919 5344
1343 3924
2643 8426
6846 1173
2585 2631
7531 4500
8194 9922
9433 9504
7800 453
3220 8566
7706 2308
9576 6971
138 5578
980 5871
945 648
4907 9702
560 9671
2656 6019
1508 6315
5488 6574
2493 4684
4134 3282
5543 6666
6923 1763
6381 4501
5946 5958
8376 4977
8587 5318
4954 6327
7411 6885
2726 6173
3898 6030
6254 8612
5256 3409
7756 1483
6632 8928
3936 2370
2217 7022
6891 8494
6395 1536
5378 7417
3546 4518
7504 538
2805 1195
3320 2720
6216 6402
6597 9579
5763 9947
6943 7836
7067 7692
925 9576
2112 668
5120 1574
8771 3174
8552 6129
8790 2582
4294 334
5469 1509
7208 2663
5314 8564
7312 8432
7071 1811
8104 3677
940 9573
2310 5009
3176 447
4917 5074
5288 5744
969 3826
8896 7977
1074 834
5300 8699
8534 2741
7282 5885
8024 4597
6027 6194
1108 8615
8471 2840
5666 421
5835 9402
1242 6383
7214 564
8600 1980
8229 1065
1169 2037
8121 5387
3835 6950
7847 9934
1822 8329
5824 1315
55 2559
289 9275
1071 2279
4659 2364
9558 9390
5389 2117
5332 2973
2577 6013
4822 8202
923 1317
6080 337
4937 3033
4016 2727
9536 5855
6568 5852
7715 8319
3219 762
1323 4013
260 2700
2621 8322
7495 23
5186 2516
6105 7387
4910 7892
1841 9701
3203 5174
3784 892
733 2423
5504 9348
4113 4355
5744 7687
4852 5192
5816 6178
9229 4621
3901 3462
5527 4099
2176 286
271 7489
8509 6445
6584 4036
8680 9952
5185 4022
4256 5204
4178 4524
3792 61
1759 2798
7460 2784
3312 7000
8336 2536
3062 9023
8671 4060
6137 6633
790 1527
962 8685
4355 2081
2492 6002
9820 1396
6529 393
9045 9790
425 3044
386 9755
2544 6379
3212 1704
9264 2215
599 9012
8354 6442
587 7976
4752 6956
625 1235
1197 7718
5379 4671
9404 9689
9567 2328
3208 2672
5901 3990
125 2847
9738 1136
8919 802
6102 9616
2097 463
7566 6402
7684 9010
1542 1361
1124 3394
4513 3255
9144 4784
3606 6187
7364 4342
422 7936
3779 3216
8461 5352
4635 2591
6465 1261
3272 3997
6870 701
9345 4982
7756 194
6866 5955
7634 5147
3713 7685
9059 7627
3499 6747
1930 1796
5551 8167
1177 3804
8958 6788
6861 2351
5161 2888
5243 8363
2855 6021
8585 1091
2845 2184
6349 3756
9953 3064
805 4893
9254 4364
847 3119
5211 8205
5525 8833
7171 9931
6698 7578
2685 6036
5984 383
7994 7497
5678 2785
727 8140
768 4171
755 2948
2187 7959
1596 6805
5286 8943
9860 2419
2931 7628
5595 1677
4224 3598
3115 2222
5826 5018
2392 3834
6805 6517
4210 1386
7366 5104
9387 592
9792 2441
4764 8076
9093 6456
7732 2463
1009 40
7024 8274
1100 6622
9897 2681
7009 6406
9785 940
6364 1710
9993 8578
2506 494
6040 7414
4726 3914
6532 5538
50 4378
6618 2141
1986 6191
9584 476
8256 1822
5946 8032
7583 2919
3277 4886
2960 1224
2634 3077
9869 4109
1007 5369
6809 1765
9429 8392
3375 7642
4991 7621
3371 9096
8355 3696
2470 986
6518 3127
5170 3156
9565 2376
9170 4291
3503 6036
3348 6352
1208 7476
8911 437
9134 2808
7015 8430
890 6887
5469 7831
4615 9339
2066 2227
1575 9983
6938 892
7679 9728
6988 9716
5769 8298
6457 5878
7223 7435
9206 9815
1590 8254
6481 7108
5206 181
395 5641
9724 2279
798 3064
1821 1333
4797 576
248 4083
9243 9957
6662 1803
9994 1933
170 8365
3874 8765
8932 7604
4753 1796
4304 5675
5499 3948
4470 2940
4482 1165
2985 7290
3813 405
7386 1268
7621 9850
551 4265
665 6214
6273 4250
881 7228
8627 5742
3471 9093
4575 349
7758 7391
5363 4793
1345 8307
3550 6498
9679 9340
700 8116
1279 2705
152 9606
9389 3310
1413 240
1280 5102
3940 7109
5962 7219
7966 3131
436 4610
9178 7732
3203 3611
320 7631
3404 5904
2776 8899
7331 7853
655 4992
2059 2613
6168 9548
2402 6589
2478 6246
7876 2701
6292 6725
1387 318
332 2211
6414 9092
5920 9949
318 9628
2915 8018
4413 1738
1179 8398
5576 9244
6031 4979
1702 3451
6164 5072
8800 9133
8946 2681
594 2542
7366 8743
9947 9040
3787 494
5177 2461
8159 2318
3451 1499
9613 8390
7382 4277
4441 9676
2235 4765
1790 7701
9226 3949
165 3029
9470 1431
337 9204
3011 7215
5523 5667
3139 6075
1060 2279
3896 7926
9589 4766
5558 8601
7485 3025
5033 3120
6826 4921
1676 7613
7408 8905
5601 9937
3497 2114
6528 2684
9392 6416
49 9543
7146 5018
8735 6149
1048 1856
7103 613
767 1467
5729 9968
9350 6488
6516 535
6675 8505
3718 677
3860 5301
6034 8416
5424 8806
109 6306
1042 4895
7406 8684
592 5934
2568 1173
1906 3711
2179 3458
6598 4931
3114 3294
3132 1216
4858 3933
1958 1030
1704 1594
4088 6390
7141 4498
4862 7120
8603 9493
891 5997
3493 9000
5937 9834
633 1470
5840 3073
4370 689
8842 5790
7961 2844
8648 9523
5636 5372
9364 6166
5903 8842
9384 2220
284 8847
8389 3418
4629 5279
3768 600
880 2681
2046 9394
9612 1875
8620 1532
284 6967
4653 611
1628 4579
6757 1574
3795 2748
6717 6258
1764 3040
9492 2807
3037 1305
7624 9661
8256 6367
1762 4923
5285 3996
1954 1316
8513 654
6676 8760
8661 7329
917 6588
644 2640
536 7786
2735 610
4188 1796
8562 2016
9139 570
7787 1092
4563 1062
833 2152
4423 6077
2751 6118
5758 7129
5003 9416
2675 9554
1561 9175
5070 531
2732 5309
1437 6046
8222 6375
7043 4203
6280 7151
2759 3713
8267 2841
3526 2354
5940 5799
1900 1507
5423 3787
3711 7143
3525 7264
2414 6841
707 3054
8639 164
1325 7669
9525 9874
620 5163
323 4949
2643 1320
4769 2272
6428 6872
1022 7689
1623 3313
2996 3244
363 5759
327 9866
4222 5220
1354 2011
293 9251
6586 3905
9549 8956
6581 7187
8014 5097
7056 2363
28 7739
3938 3349
3863 466
3938 2661
8143 4091
9815 8402
1243 1886
4998 8284
9184 1010
9192 2852
9620 3216
7070 9784
1705 8768
4955 343
8419 7781
4441 646
959 343
2139 5201
9386 4265
1826 9444
6122 9487
4490 9659
9580 2215
2996 6522
6374 9151
8436 1759
3325 9722
1939 4660
5857 4949
7339 5151
3201 4057
5875 7905
8380 3774
3356 3487
5932 5891
6296 3086
7170 3348
4910 7425
4752 2690
5188 2230
9758 6200
2753 8105
4777 6616
9451 9261
8640 6252
9806 2703
9992 804
4304 9557
3313 6209
323 5912
4968 5249
739 7415
8921 1382
4763 9698
1355 7366
4224 3542
7628 7523
3725 5478
6506 5933
6878 7845
1701 8167
6056 4214
5773 5087
8921 1886
6167 7741
6152 1932
347 1193
8737 7018
3486 8264
7410 6794
4757 54
4496 2833
7176 1042
6663 3090
5230 2180
3563 8638
2358 4972
1595 4293
4642 3290
7965 6599
8865 1556
8717 7469
946 9469
6873 9744
2027 4886
6413 9329
391 1256
9648 9779
7175 883
9953 5831
9225 3684
4878 442
3741 6925
3800 1132
3327 2016
8639 9004
3038 7341
8026 2039
213 22
4327 5691
9681 7107
8486 1793
3240 420
3988 2204
7311 1602
8819 8847
2455 9880
137 4228
7387 3081
6901 6949
1836 5653
6355 1557
8992 9777
7789 9781
3546 1175
5977 1883
3511 9718
4952 8700
9729 4404
842 7466
8490 8920
640 2606
64 2195
896 1398
2944 2110
6063 1618
2605 5510
8639 2267
2266 8300
2519 2072
988 7432
9729 2532
6632 8054
2602 9886
1583 3547
1045 4293
7583 137
8073 7181
6190 9170
9314 6320
5340 1084
6853 7543
8749 423
3176 8553
6275 4483
1138 2388
7633 8682
2675 1950
6605 3979
419 9154
9663 9541
677 3026
9816 1804
7989 8360
6290 4432
1521 1276
7103 9830
7776 2729
9795 4113
5092 1319
7329 8354
3164 2819
4762 1128
4076 7625
454 1936
4263 5611
2072 6140
2845 908
5892 2127
6838 3717
8578 0
2403 5175
6503 812
7937 4628
6786 2075
9588 6820
2460 2432
7403 935
1799 8411
3816 4764
8464 6282
2318 1019
7265 8620
6833 8728
7569 678
1451 2564
6557 8128
2910 9024
4244 6691
1545 1871
2888 5305
2499 8533
3595 8773
3896 3738
1285 7538
2819 5979
433 6454
7491 2033
3743 1682
9187 8337
1794 1314
523 9501
9341 5726
4356 9314
115 6141
2193 2706
140 6837
5570 2739
7216 557
4370 9714
4019 4503
5767 3598
4566 348
1447 3877
5797 1414
1084 355
9779 2444
1154 4349
8705 5774
3198 6818
5298 5252
173 2823
8865 3470
4801 8030
7589 2792
5500 4505
169 7456
871 794
2625 8741
492 2844
8288 9824
8432 7206
4056 1194
3557 3723
156 7931
8894 8607
1205 4976
9363 9418
305 1692
3266 5152
6865 9822
2087 6632
5138 3636
8686 5001
1315 1053
4551 790
4012 5921
8506 8261
1652 6112
5201 2599
7177 810
8714 4569
3374 6323
3229 7114
3738 1072
5588 9463
9233 255
448 279
7452 218
5847 8893
6854 1194
3396 4103
4722 6110
2326 867
3182 9407
9496 5543
5236 9489
3481 2965
992 6012
3507 7154
6358 3351
6908 2093
1656 156
3069 3165
7262 9251
8142 378
635 4747
2033 3617
3595 9599
7317 9160
1672 8212
649 7628
4176 2423
4319 9006
9374 7362
1416 5965
4780 2769
4787 248
7386 622
9247 5420
2988 6741
8841 4775
406 2632
1781 9797
9425 1227
2813 6735
4610 5428
1323 7944
9541 6223
5891 9715
814 4201
9892 9681
5714 3465
5812 8440
2896 4932
8678 3237
8079 4676
819 8979
1298 6352
5083 7488
2402 7450
9330 157
7459 9207
1190 8750
3830 4525
7358 6670
2024 4830
9895 6168
1102 7698
2823 3238
1696 487
1276 8968
9796 1125
2936 4089
7656 2918
1802 9436
213 2801
3388 4123
365 5036
4397 1180
2281 3928
2707 3543
9142 7543
1076 9950
1910 1835
9640 1922
7515 2960
5466 6620
6100 8813
5447 1320
5627 5896
4748 5277
426 2788
5282 8441
9584 2930
3001 2971
7554 3613
8431 3869
8189 9538
5607 3827
3479 2673
6149 2308
4356 3977
7260 5989
1108 9287
5046 2380
799 6144
915 9426
6565 3925
2956 4515
8309 5215
3129 3347
9545 4114
4118 3330
8814 3325
6760 5764
1996 7111
3772 8818
4272 6074
4927 9486
8784 602
6726 9264
1275 7987
4263 8379
65 4106
9425 825
2516 8075
4798 7640
5500 7999
8838 6760
6922 5108
1944 9384
3035 4413
522 6942
4649 6480
6565 8568
3856 5048
9637 4058
3948 9283
1456 8049
6202 101
8586 3828
5360 5960
7787 3509
7051 2348
3133 5306
2528 5167
6872 8894
3426 3586
1168 9138
5133 6225
3659 2399
9703 5548
5927 3077
3265 4886
9648 3111
7039 1755
994 8930
5523 5941
9458 7185
6594 135
2000 9275
9857 9145
5022 2558
6345 625
3445 1028
8424 7071
3207 7531
9890 5688
1632 6638
511 9199
1023 8919
7354 4965
6827 4483
3295 3128
4399 1399
7102 9033
860 4410
1180 7113
216 4085
5846 3470
2081 3065
1317 2555
7415 2005
8074 2553
3238 9552
649 7873
9422 9540
2157 4642
4895 4979
5019 7488
4364 8303
8549 7804
514 3976
1376 2062
4937 4810
7085 5243
2206 8739
2516 6869
8788 1104
9635 3721
8738 5777
1237 5570
2757 44
5080 5710
4279 4623
7303 253
3796 3507
5814 3892
1035 2538
6445 7036
945 2487
2056 7897
4092 2984
7347 7140
7981 1246
8915 4652
5578 5643
6182 6478
8687 8563
2406 3167
6848 1632
5624 4407
2826 5410
8971 5230
8618 1952
3352 1064
7941 2364
3234 5914
639 6441
8486 3559
4573 2252
1051 5488
1554 4713
2121 9395
8845 905
163 4665
8252 9225
6084 7676
7209 4076
7812 851
3659 2602
5605 5595
9395 5007
26 2217
3673 2851
4147 3559
2815 8096
555 1636
2404 2076
6602 3146
3792 7260
6150 5579
8003 5152
4657 3631
5002 3200
9616 2972
8596 1358
4372 655
6769 8590
4669 9946
1004 7508
1207 7268
450 122
8653 1351
897 7100
7690 1881
2595 3127
7207 7431
6473 5619
894 4959
5245 6242
4187 2366
4606 251
6531 4189
7186 496
5295 5556
4392 2480
8245 3480
8563 7859
9185 5588
9473 507
4818 7992
9630 6361
23 885
5506 1490
1841 5849
7034 524
2406 7429
2782 5802
3868 9404
1938 4299
3877 4996
438 9548
4315 4737
5344 6114
8180 3614
2650 8313
1335 772
7228 6608
8282 6789
1012 4527
890 5832
3276 2858
4510 3121
5590 3380
5270 3869
4350 4576
9255 9928
9947 2651
2843 6425
8525 2243
7271 6589
7709 8192
7872 9532
5429 2813
7758 719
563 7565
9093 5221
3014 5452
5874 8870
3526 2175
7896 5283
2004 1456
7493 7356
1862 4336
1751 7914
801 7170
6442 6425
4260 3061
2173 1326
7036 5149
8093 6913
8720 463
9042 2956
7849 5076
8605 6353
494 9950
8317 4752
3520 8237
8866 7834
1833 5751
2450 1401
6808 6181
9290 5555
7079 3575
6407 1559
8244 5009
4567 2143
7597 3501
8225 9649
5391 5138
2426 9057
128 5283
5180 5222
8007 729
4531 2015
6529 6351
7816 7179
9701 5078
8150 7698
589 2465
3061 1374
8357 6638
7451 1680
1406 3573
5714 189
8285 6580
1001 8201
9465 2591
6685 72
8574 6011
8556 383
4863 4996
3446 5087
9389 8629
5017 6
5877 1090
5005 7913
2082 5803
7547 5070
744 1585
3760 9735
2868 8376
2075 2772
2940 719
7169 7911
5885 4502
8311 6502
6112 5349
661 4857
3257 3402
5517 9971
2542 7625
7929 7777
9214 4028
317 7977
5229 9662
7802 8285
2485 7700
3786 6914
8808 4112
1450 4775
2145 4962
7663 2678
4417 1731
1558 7326
3887 5077
9860 6320
4544 4687
9543 52
8261 2928
6503 2559
5865 6601
5885 2760
2087 3282
2899 1187
4385 710
142 5699
6482 8546
1154 8795
1681 3283
792 6827
4684 7252
5158 6949
6226 3804
4188 5531
3320 7148
2540 4129
8829 9720
9507 8173
5465 266
9607 1725
741 9606
7837 5003
1729 931
2122 1957
5120 5841
7142 7000
5017 4891
9423 2415
8406 2944
6006 8965
3306 2365
6627 8270
6341 7122
2709 1184
7566 5607
2764 2715
8166 8029
1495 6903
6438 6690
8463 1700
8523 3703
5415 5721
5635 6195
5180 7986
1556 5067
8210 8063
7131 9282
6136 3466
7133 4527
4793 7258
3517 264
6016 3500
2418 2315
4893 3952
7050 6382
7801 1360
5160 4372
4231 863
4553 4621
5321 8967
17 6420
2307 4506
1463 748
8441 9449
1482 5009
2676 3154
8495 8248
8687 9035
478 136
2948 4376
8944 8236
8809 1902
5413 7223
6435 5856
2569 3563
5913 6985
6776 2352
2320 8100
5488 456
2350 4752
1779 9235
5432 7769
5915 3711
5763 8629
7681 912
8744 3796
7773 41
5374 3705
9242 9133
2912 7428
7753 9312
1345 3469
9188 8805
6760 348
4406 3762
8497 9530
2913 6119
9609 3784
8471 9834
7057 8843
3863 6957
4821 2967
4691 61
8374 3032
3888 2521
4489 6545
8344 2262
4647 6671
3325 4373
3461 7281
819 2703
1695 6937
1080 2981
3194 1841
3883 1603
2856 2295
1169 2364
3813 8421
5105 9291
320 1815
3735 5503
1385 6754
1911 8527
7660 7343
4637 5766
5528 3460
8383 7051
918 7403
4400 429
4900 1950
78 2400
9061 1655
3382 3826
6593 5572
9140 6186
9054 5792
8935 4175
7271 4370
3616 5391
1725 6019
1207 5490
9755 5731
2130 6829
4466 3437
8832 8756
3754 4636
1026 5802
6294 8639
8687 2114
2587 5098
9098 6057
7793 3467
6117 4842
3784 1820
1050 8331
4344 5912
6334 5524
8259 9777
5367 1964
5534 774
8514 322
1739 7846
6205 2051
5052 3889
6032 5812
5307 3693
2517 8485
1023 6280
490 7102
1264 7784
9943 191
4585 2636
8483 4324
6292 6138
3036 1779
354 3964
4931 4092
3917 1907
8205 8507
5429 7992
2202 6795
1048 8379
2931 5627
6565 3722
4196 7648
7635 6807
9667 4400
4707 9991
6041 2963
3482 2330
8311 4901
9540 6739
4107 8786
5580 1378
7053 3335
6349 4705
7717 9568
5122 6106
8741 6453
3514 3118
4123 4088
3091 2188
9956 1063
7182 8760
6255 5387
7544 9900
5725 2281
4787 6748
3474 7249
1857 1232
3181 3280
1769 4951
6996 3325
7408 3300
6437 90
1413 8694
3087 4443
3940 6642
4711 9311
7206 6951
1696 8088
5330 6689
9859 3052
1590 4248
725 3414
5797 2048
7438 1805
7509 3647
4486 240
4886 838
277 6980
6137 6974
3790 748
2952 9744
2786 8717
6214 9232
4397 2992
6862 632
8484 7109
1933 7424
9596 9687
7926 5119
5983 7645
1309 7614
2048 2584
9388 9299
6972 323
7014 8398
3527 204
4500 918
2344 3099
1789 1026
3015 1431
3875 9780
4004 254
5064 9452
5584 2474
341 8796
2577 2481
3751 9887
3990 9864
3938 1341
1261 4137
1205 5094
1461 9779
2493 3641
5092 3472
5637 7506
3055 5375
4747 8095
9665 9630
9344 8289
4016 6970
3928 6377
3618 1589
9575 6558
1303 1040
4619 3000
5570 9413
6098 7260
4795 5635
7552 3291
7338 7683
1935 4320
3410 4591
5549 9934
1034 2983
1760 1018
6013 9927
5253 8975
302 9104
1527 8445
1928 8117
7476 9457
6947 7814
2136 3175
3219 2599
4305 3136
202 7860
7487 2438
1294 555
7603 9807
1796 888
5033 1563
3022 321
2439 962
4053 3721
1780 6741
5307 3985
4890 2124
4973 8608
2481 947
7798 9258
8931 8440
352 2907
4542 1190
7979 2097
6949 171
4107 7903
3949 4877
1013 3934
4034 6855
1721 2359
3258 4812
5463 2634
2871 787
1699 6638
2327 3513
5171 8948
2532 997
6722 4529
2980 6183
3553 7426
5487 9682
1663 3862
1150 7255
6170 1626
5790 6876
7283 7643
2872 1395
113 6854
8999 1224
3958 2505
3067 7458
3582 115
4331 9332
3526 6702
3416 2733
8645 6432
1448 5422
6788 4089
7659 7928
7510 8825
6277 4453
505 2213
7471 3663
3664 3063
4908 4434
8421 8348
4998 9530
5430 9898
3886 2767
3177 5742
7974 8741
5128 4950
4127 6423
1142 5002
2924 4743
4760 7542
7991 1109
727 4993
5595 9139
5956 5712
4613 4922
2319 1278
9531 6182
3647 3168
7307 3533
2120 8126
9778 8503
755 7617
1679 1565
7707 4539
6929 9770
2059 7035
7252 3485
4931 2252
8556 8911
2178 1116
