10000 5000
5785 6762
1698 4141
8536 806
8879 1740
3561 1900
446 6247
8204 9843
3853 9019
6760 9398
2595 2232
9341 7691
3860 4212
9931 2462
4349 8544
4029 4984
7650 6422
3565 8458
3631 862
4124 2548
7321 5802
1812 2698
6767 1844
8744 3366
6863 6616
9487 4822
3608 1103
4631 7882
4005 8806
5271 4574
4731 9625
2785 3333
8557 4432
2 2279
3846 841
9736 8719
5582 2962
3771 4420
1109 6727
5184 7608
6021 6103
2764 4590
8731 3285
2875 8109
9082 1725
5134 6543
7963 185
1499 2591
3728 3753
7322 1391
9723 3138
2030 6909
275 9500
9384 4274
7015 2597
6419 8247
6833 7464
9174 5623
2515 1531
6179 2440
9245 5412
8884 2184
9146 7291
7026 739
5423 149
3186 9254
1206 6203
4711 9105
8617 6916
8811 8541
7097 3826
9811 9812
407 3071
9633 8273
1273 3532
3045 8073
6693 4216
2404 4837
8517 717
6661 7281
8492 7476
2299 9951
6652 3963
9297 7799
3642 2023
2422 8712
830 7375
5842 5018
8993 7860
9886 5090
6710 4290
4186 3192
1425 3567
5957 1342
9070 7690
4719 166
8166 3542
3978 3440
3270 7111
725 4758
8723 9819
988 6135
7155 9360
6225 2210
4666 9612
8321 3657
5464 2448
5613 2507
9991 8012
9916 5149
9401 2320
1027 806
1250 718
1964 3244
590 6099
85 9522
5074 6724
2049 4518
4441 2651
2138 686
8123 8020
7798 409
9257 2836
1414 4257
5029 6277
2767 9399
373 8397
7136 3705
1001 888
2889 4854
1888 4511
7084 4685
3607 3260
6149 9000
2637 4147
3407 5432
1713 4271
9051 2789
1122 9750
2152 6338
7696 3340
5233 2364
1925 718
751 2597
1814 7998
2552 8049
9668 1145
122 6688
7032 5322
1102 3621
1597 5075
2586 9967
3870 9706
63 4425
8435 5739
7160 6444
8786 6499
9533 4009
6215 189
5269 7459
9400 9703
5688 3302
7131 782
7510 7168
6433 7083
1468 6039
6625 9131
1064 6605
2775 7481
1991 4765
2130 4171
2888 7087
5850 6237
5187 654
6715 9451
5824 8856
372 236
1198 7033
3304 1433
9982 6813
8825 6590
905 9089
299 1202
9494 8251
6762 7353
8244 6357
4690 331
3869 8328
6110 2584
4523 5369
5535 6674
3705 6805
1557 1060
5649 8133
4027 7855
9881 6889
8535 7523
8472 5997
8608 1414
5654 9795
2790 4816
7846 5083
2855 3092
7679 3381
9191 7562
7474 132
3894 1488
1274 8972
9518 4597
3410 6014
8378 6840
425 2130
9357 8206
8799 704
3347 4623
1846 4425
9774 6146
8692 1110
4632 8334
1228 5206
4436 4183
9406 7726
1465 9102
5346 1103
5591 7451
484 7169
1111 5403
456 6130
9387 5497
1220 1121
2052 20
6772 6279
8110 2913
5222 9112
916 7026
7839 3052
7562 7761
7697 6704
7732 8009
4974 2690
5015 5848
7753 5506
3177 9291
8025 601
4968 1256
5925 6043
3106 7143
1983 8931
1398 6517
6794 5286
5406 5232
6285 6600
8162 6607
4126 9228
1185 1809
449 7677
8775 3067
4366 3323
6896 4462
4607 9004
3984 1715
311 8035
1283 6138
2461 305
6295 2642
9367 8511
3167 3001
5793 480
3863 2735
965 5898
451 161
799 7330
7251 1015
5109 341
4716 4061
886 8495
6203 3312
1900 8194
1519 1257
7077 2539
1334 8556
2831 6856
8685 1666
2019 841
9283 6135
9686 3195
9778 3291
719 7304
6659 5038
2863 6558
4965 6943
1552 8340
5200 3353
5197 7981
3207 9268
6799 6749
2039 2925
877 1737
1006 5815
5002 1220
115 9365
5474 5998
5236 9572
3522 7955
2421 4848
3016 9688
5222 4222
7175 1573
2064 7794
9719 1422
1370 9699
2148 1392
9896 2194
9860 534
8809 841
1158 1373
3393 3049
4708 587
3572 1562
7782 39
2291 3165
3288 6039
5962 1011
8797 255
602 3848
5570 2467
7464 1114
1887 5838
6307 4527
2909 1433
754 4706
5929 5787
3680 691
5290 9682
1712 5196
122 9793
155 9184
4581 642
7236 5581
5064 1452
4496 6370
1748 1648
5523 4593
4080 5082
5976 6796
2056 4621
8253 8634
8548 7216
4881 7600
2103 5009
2181 7481
5363 8387
810 9731
8832 7058
6080 9680
3632 5218
6812 1190
45 5877
2075 4130
8589 5386
9800 1761
1800 8071
651 1893
8209 1853
1818 1163
6570 6112
9419 5253
1911 5165
4318 6528
7366 8765
1073 2177
890 9003
1931 5195
3808 9286
8534 9325
7976 5042
4800 7292
3808 6935
9212 5361
8405 3246
4165 6516
2846 2938
2516 6667
7011 7969
9372 7896
9805 3302
4958 7769
2391 9720
4573 6196
9707 5843
8113 2060
7354 4547
5827 8166
8689 7317
701 246
7130 4784
2093 7893
6909 1117
4722 3486
8883 7793
4093 2544
5524 8100
5673 8719
5244 6642
151 8374
7969 1240
308 9134
3422 7567
8840 1871
5237 1409
4325 9401
3788 1713
448 2890
985 8818
2834 2926
7718 849
6667 5712
8321 8926
2291 8414
485 7347
5870 6005
1992 6743
9894 6876
7130 8878
7853 7500
2310 2476
4343 2494
4753 7168
2247 6574
3578 2559
8708 8050
3326 9256
118 7332
8159 6307
5578 4806
8844 7774
6072 8534
9172 476
5790 1665
1389 7190
9852 7619
4205 7396
9591 741
815 3095
9505 2722
4576 0
593 8646
2982 6120
9700 1509
5398 1468
4516 8364
4841 5203
9239 4583
9888 8583
7528 7587
2730 5088
3305 5933
1611 4156
7076 353
4990 4271
2679 7519
6076 449
9131 1666
1515 1350
1795 3565
363 7682
411 1140
8936 8513
9469 8998
7543 9024
6819 3618
2160 3433
2382 195
8082 2301
9211 3878
1176 9890
1055 3768
1868 2732
5911 1478
6291 1090
9116 9828
2506 7988
4639 7782
3955 8062
1913 6055
5946 4994
9133 6209
788 1104
1933 3201
4260 3073
4964 721
3876 6632
7977 267
9402 6632
7163 5232
4641 3075
8568 7746
6707 7492
7660 2529
9111 8045
6641 6728
424 814
1014 3073
4144 1162
4342 1449
6904 5640
3975 876
9610 8239
2984 7277
6602 4959
9100 6486
7923 8365
2417 1513
5179 3627
4628 2016
174 1710
6567 4657
4122 4867
6374 9981
1455 6689
5557 3577
36 1640
4878 9975
6846 7239
4386 7272
3680 4069
7375 1611
1682 905
5262 9580
8001 1384
8785 3226
4695 9637
3423 7983
5406 8570
2215 6510
9560 4975
2433 69
4364 9567
6382 257
4807 6116
6905 9900
8996 7640
3251 6829
4707 1581
5325 190
5874 8506
5170 1510
8275 4133
9740 7567
1236 5883
8352 4755
3484 4270
7321 5179
8041 2428
9928 6974
8912 797
8898 2031
7814 9196
4849 5110
7806 7160
2923 1754
6997 7387
1173 4555
8438 3830
6128 9093
7128 8610
6486 6046
7233 3936
5152 4308
8772 5210
8089 4751
5777 2572
7910 4443
990 7212
3482 8848
3159 8842
9735 3415
6002 7400
4593 1227
299 3374
8851 8269
3515 3329
5142 7306
6588 9380
601 3272
5984 6755
3918 6256
3944 5707
3242 8695
5047 9336
6938 1084
8050 2914
2090 9325
3266 9718
9314 8458
2774 1774
4225 2821
8182 8497
7867 1258
3860 4175
3373 5666
5950 9598
7227 1344
261 6335
3916 8044
3163 8098
3303 2306
2595 7628
7759 8767
1918 4075
5798 8518
1134 8373
1119 3515
2845 9668
4323 5537
5278 395
6465 2638
7541 6520
4713 7976
5179 8970
4118 3109
4241 5137
3662 935
1225 708
7179 5461
8569 5282
3427 6523
2773 4677
306 1722
9856 2959
9055 128
5909 8370
4596 1756
2446 8325
4483 5971
7832 1929
9480 6050
2849 1409
3331 8424
6871 1612
5837 5194
2653 271
7558 9726
1034 1158
8928 9664
1109 9329
7207 6957
4400 9738
9020 5080
5094 8906
3226 5480
7008 7521
9809 9826
610 1057
5013 8577
4930 849
7889 2827
294 9319
3288 1334
8857 8464
3282 9087
6222 3629
4593 648
6154 6988
5041 1572
6252 5746
4751 9545
6108 8915
8316 78
9706 1689
2309 7245
294 8209
6517 5651
4181 4776
6212 195
7847 3207
1697 7890
3087 5811
1006 666
821 4431
6046 6451
9768 7854
2722 4598
6590 116
5217 6641
5148 4035
6092 3391
9884 4281
1668 2475
2510 9412
7331 3484
4367 7901
4624 490
1132 6068
5502 3091
4169 1013
8262 9718
484 7045
5834 5527
8237 8103
3058 7147
1328 3444
253 5050
2437 5868
142 1977
9110 9429
5454 7583
8159 102
3640 667
7339 7292
1008 492
6894 9026
7678 2190
3889 1192
4128 1336
9632 3131
7431 8257
5125 7442
1303 4536
6849 3850
4302 346
9193 2038
9823 2574
794 7577
2365 2130
8795 7239
8704 8715
1561 4474
7390 6767
499 5236
731 8533
9760 7507
7523 4182
9729 6559
3910 9960
4989 8996
3006 9525
8073 9253
3048 2008
9828 4867
8539 9831
3763 2989
9171 9983
8631 223
1097 7184
3089 5380
8873 4022
8843 3247
717 1750
886 7655
8073 4258
597 581
2418 3475
3153 677
1458 1017
7760 6622
914 6459
6946 8593
7593 7662
8931 5498
2417 4480
3174 8883
5262 7014
6526 8974
1371 9390
7512 8245
6931 4039
4709 5675
2461 7458
1037 604
9901 4789
3118 187
6586 1412
1293 2355
9811 554
4726 7991
2457 8077
190 7178
1129 4880
210 5020
6860 4906
8221 3818
5535 4425
7767 8356
4938 9977
2863 800
9779 92
9230 1267
2617 1564
25 5033
8815 8452
9087 7593
8359 4495
5479 7188
1764 9975
3968 5972
1802 7151
6345 2536
8214 4416
3411 1931
1804 9667
906 7612
8046 1200
1818 3321
651 5755
6451 9686
4627 8507
7713 5363
1979 1457
1738 8103
1063 9611
6130 8026
7102 4795
6808 2275
8015 4758
321 8635
7086 967
8754 2362
7247 3688
5963 6914
6582 3247
8433 8166
736 161
1746 915
9310 5359
171 8640
1573 7842
236 5969
954 9191
2586 1627
1608 4720
177 6131
1325 4173
2122 9082
1198 8353
4467 6273
482 8478
6068 6715
1074 3348
1519 1783
3040 6702
2129 1662
1076 2622
818 253
976 2417
8167 9597
6458 7892
9261 2735
2866 5411
4346 6320
1433 5186
212 564
1258 8108
2829 7817
4811 5032
1250 5667
3738 803
367 5570
1670 6436
8524 336
1519 949
6543 3275
4222 9653
1679 1142
5331 7274
3551 4268
3699 8492
4359 7095
2298 3763
4745 3639
2911 9593
1246 5157
8191 864
4480 7493
1076 3760
7074 7539
930 9036
7932 1796
3156 3351
3907 9266
3266 1016
1268 6724
5965 9403
4650 278
1672 8440
2753 3975
2874 9902
7889 1290
1779 3683
8960 1240
1451 7758
3947 6462
8636 5230
2420 4561
9225 1086
5685 5648
8202 3094
6669 6542
460 7646
1296 7229
4765 6954
3036 3449
2797 4417
597 9785
7701 4659
8158 9097
8588 6376
3792 122
4948 4126
3303 6259
2849 6966
2122 9678
261 5408
6799 5331
599 1432
1928 8757
8267 8348
9070 8396
8638 4342
3900 3370
3840 2724
2762 4847
9185 9507
6763 4994
5703 4714
1210 6246
3206 8518
3534 6649
9228 5998
788 7763
8844 6871
8231 7788
4508 6116
1242 7238
5487 125
9308 198
1305 3003
6051 5850
4532 7873
3512 4415
9730 7198
2206 1216
6257 7854
4386 1765
8751 9804
84 6993
3072 6173
4972 9163
6041 4185
7136 3485
334 8783
1062 2052
709 3474
6713 3187
3749 5537
4664 8336
738 1864
864 894
7029 3611
9756 2389
3905 4384
7503 8186
5315 4126
9295 7177
9344 2713
1861 6216
5940 2913
1209 9436
1713 1074
7643 691
2749 6800
8895 7620
3765 6430
4278 6800
8452 6056
7804 7205
3721 8074
6788 3257
868 8072
2840 92
4609 3338
8412 9394
9246 8751
5678 145
2865 6870
9224 732
868 229
2553 1438
8892 1672
3778 7106
3611 5256
4263 7853
6388 4744
7809 2392
6484 5838
2848 4662
8677 2781
9357 7585
1396 3010
1073 1565
5490 8727
8904 9322
5360 5365
4775 9643
1883 3665
4974 5303
5090 9968
9213 2371
5971 3674
349 976
1116 8078
9657 2007
4736 3487
4335 3984
7893 2657
6767 5542
5368 2083
5014 2737
4161 3664
4992 6268
7913 5492
9905 9689
9879 9319
6798 9393
8721 6959
5819 874
490 7730
5470 6019
1623 9753
9964 4058
7012 1175
8779 1932
5059 9817
3772 7469
6955 2554
9087 9564
2427 6491
4839 2644
6468 1461
6332 4508
6149 1210
6447 9857
2540 6254
2409 3005
453 9766
8380 8532
7577 9525
9091 3870
6735 9661
7998 9823
4116 9938
2880 1009
859 8531
207 2362
1059 4198
97 6816
5329 4155
460 2252
8644 5219
2546 7252
2083 3933
4348 3688
456 4037
8312 3948
9200 1529
5146 4122
4110 3501
6612 2579
4929 7731
7968 429
3187 8770
8437 549
5251 9983
1986 3329
6236 3125
4159 614
6799 6689
8278 2330
6767 3858
7484 3674
6355 3674
4794 5697
4312 388
643 9904
5008 1870
3654 131
9626 2125
3584 755
5262 9446
580 3266
9983 6521
4623 6650
8557 7937
102 5819
9621 7109
2028 2405
2775 7884
2807 8768
3581 1960
4669 4236
1169 9683
6897 8200
2042 6138
2951 2899
2649 193
3334 596
3938 2932
9020 2325
7533 2807
4583 8326
4033 2199
4290 2723
1116 1648
3273 7857
4384 2494
5831 3065
7780 9050
5362 2292
9886 3952
7431 8015
2294 9775
8867 6825
7859 3586
9019 1423
2718 9057
2390 1174
7332 7636
6577 2311
6535 5446
2270 4964
7750 7196
5249 1670
2119 8545
5702 8883
473 13
4265 1324
4533 5674
3478 4707
167 1596
1981 8842
9189 1735
4438 2545
6331 3015
6984 1162
7137 8356
2351 5583
4400 7566
7139 7465
251 2610
7122 9473
4514 3169
440 5837
3011 2992
4279 9833
6363 3630
8804 7097
7285 7107
615 7273
8825 6098
9986 7249
6817 6628
1160 5758
4867 4560
8773 308
6275 9104
5670 1985
7546 2621
5130 8927
4689 6097
2631 3856
5076 2148
2177 7320
2953 5899
4355 4388
3070 1291
5695 2092
5669 1401
8796 1839
5652 3314
4907 937
2510 6975
3234 6815
2106 7954
9140 388
3885 1744
3509 8005
514 5120
9054 3389
9060 7707
595 5215
9183 5572
9799 5641
2989 5187
6417 3032
4566 1192
2607 3401
3151 954
5470 4881
4853 7612
4813 7129
3510 9902
7207 3084
9348 4641
9230 8036
2124 7171
2825 7347
5225 8364
7858 8422
8829 8925
4542 6213
5151 6470
5201 8806
9638 7114
9859 1182
8271 6239
5043 9354
7969 5894
473 2095
5264 5403
7190 2920
646 6318
6741 4701
2458 223
4187 834
4100 1398
9169 4791
7775 6696
1372 6294
6953 1309
3194 8795
9897 1454
8613 408
7421 764
7096 7419
7809 9044
9181 8232
7649 8341
6073 3435
8723 5465
7932 3243
4307 7280
6427 2625
4612 3018
420 5316
9438 7285
3342 2277
2923 7590
1721 4723
9216 645
3976 7206
3363 4175
2563 4211
8861 5268
3339 2559
8261 3993
7106 8124
868 164
256 2608
4425 8647
2958 2573
2472 9105
4969 6670
8913 3222
7426 1205
9810 3305
4205 9436
4553 7600
2897 3140
9379 2700
8647 1824
4835 6123
7554 5782
4979 8196
1454 9644
4298 9796
6775 5495
7749 5062
1152 3287
525 4435
7894 6736
6578 9045
6741 2027
8892 6575
2626 6875
97 3106
2096 4390
9172 2261
4235 3146
946 1085
3387 9679
7348 5998
2334 289
3542 790
8531 9668
9946 5607
3184 6676
4744 7970
4915 5666
4490 5099
6231 2236
5000 7099
9600 5118
4505 8192
5041 3886
158 7448
625 267
1942 5652
2393 9227
9642 2718
143 9806
9182 3893
7711 6008
357 2966
23 4075
8249 148
5652 4001
2519 1473
9453 9979
967 8421
1186 1631
5238 7965
8535 9543
7806 4360
1017 9298
3257 3122
4757 5334
5999 1928
5065 7471
727 4513
576 5548
2765 1672
924 9566
5657 5719
3989 8697
7209 2530
6788 9477
9143 8974
8487 6822
2982 5163
2149 3371
1039 4262
914 6033
3696 8016
8465 519
3336 8731
9639 8393
855 3426
5640 3585
5810 2523
6535 7456
8973 7002
8054 9
951 7968
6099 4249
419 6407
8565 1640
4693 6440
1168 6015
9733 2780
6665 163
5973 5865
3559 9125
5968 3517
4999 1135
4197 2416
3101 1279
3932 2877
9459 3006
6390 5657
5054 8731
8699 1983
7589 5190
5807 5274
2033 2080
8025 5110
492 1459
40 3654
1903 520
1686 5035
2218 4056
7649 6362
8572 4893
5176 1022
2900 8479
8180 7733
4868 1582
7647 7991
8111 2738
7993 9858
5383 6586
5555 7888
2007 7511
2317 1692
4189 4033
956 835
1569 2053
6567 720
4718 532
8556 2579
4594 4760
7989 8816
5641 3707
6563 8469
7346 2088
3495 9078
4236 4222
3869 356
1398 2703
3884 4179
9899 4998
86 8338
3358 6683
9541 341
5112 7958
4161 1873
8376 368
3310 8704
5965 6872
6500 9193
699 1673
736 2873
2913 3766
6437 6137
6702 5407
3925 662
6038 9776
8927 6298
8541 5372
4380 6515
7853 9973
7280 846
9194 4145
60 3622
167 8163
7804 7779
8775 1247
3039 3133
7476 2146
3358 1076
7684 1748
1493 1670
8194 412
8601 8315
9650 1129
3012 7930
9498 1306
5028 8407
8096 1310
9286 4454
6985 8020
956 5865
2657 3626
5649 1983
3766 8645
9384 1636
2506 1916
8328 6236
6064 2256
8443 2322
4571 8078
1523 9470
3553 6755
6558 1242
9154 672
4251 8310
4340 7746
7988 3204
8329 321
1555 966
4551 3356
8126 6152
7895 6783
7484 3242
1372 1334
2508 6446
1356 3026
9511 2431
6184 282
4807 8068
5230 5502
2318 2345
6866 1039
8164 802
443 9648
3868 923
8938 3100
5033 7045
8235 21
4293 7087
4108 1730
2562 1960
7375 2581
162 4924
2206 8331
4596 4565
2492 4546
5008 7292
8813 2376
1055 6219
2080 6832
7134 2249
6296 3029
2968 2326
8068 7519
7562 1005
2002 7079
5901 1185
7813 3221
4942 2207
2204 5746
8505 4451
7502 2771
6995 7654
1013 6857
8368 3491
179 8269
7149 5991
8096 6620
6534 9283
2768 7889
708 6822
5929 3813
2997 1281
8472 1095
9793 7864
7714 5159
7218 6835
3375 4127
834 4244
9604 9210
139 58
6841 4315
6203 8965
8631 7022
4991 2489
3669 2752
9071 4365
9514 6421
4782 3879
4556 1121
1762 2972
561 179
3674 1790
3362 8153
2389 5394
2219 4819
6535 4547
1423 1251
6481 7043
529 750
3139 9563
9832 8529
8584 8911
9323 2327
9664 8267
3428 666
4776 2576
6299 917
8556 4300
761 2163
7489 3338
7369 7330
463 5676
1997 4347
6800 8838
8282 4192
9544 9661
531 8066
7892 6545
6906 7419
6069 6262
4021 7697
9884 5943
1194 6781
8538 5973
6082 4944
2137 2523
5288 4784
6505 8150
1370 8369
1153 6317
5152 8847
704 7712
4323 1392
9800 8547
9823 3090
1861 4871
1979 1313
3322 175
3039 8904
537 678
4668 3599
6005 8164
5448 4942
1382 9389
5222 7897
1631 7036
5661 4209
9288 8114
2462 3559
8538 1023
2897 4645
2568 253
490 9334
8788 9466
4256 8371
2957 7509
7139 9211
4352 6364
2160 6874
1640 4947
660 5586
1921 7233
5831 3539
1902 1704
1088 5412
850 8408
6301 6183
2236 518
1750 793
7100 5956
7635 8109
4604 3340
3231 6929
403 8354
4046 2388
9360 502
5594 3217
8031 8603
8295 1476
4117 6651
5379 5811
732 5406
797 189
539 3313
1248 8390
5982 5377
9387 5755
7110 4730
9526 7888
8947 8058
9226 3433
9446 2925
2686 5073
6876 2862
3316 3544
2387 3193
8371 6124
3420 8306
3111 8076
9413 7634
2556 6029
1279 4819
8451 4438
1507 9258
3179 2722
8366 9080
8164 4062
1310 9932
8499 7355
6196 7125
8269 5808
2599 8514
5364 435
5060 8282
4655 1375
4166 9813
6555 9797
2534 8470
9601 7358
6973 4055
2036 6604
2016 8476
2976 1680
1900 5551
9057 7596
6642 1267
4845 6919
2464 575
8094 6824
5218 9284
634 9610
8332 9563
8055 1272
9552 8622
5850 9622
5244 5610
4582 5410
9928 713
8381 1549
6038 3900
8126 1525
7728 9036
3403 3442
181 7601
8507 8391
532 9889
6626 4244
2783 6110
3522 9696
4754 5549
4668 8071
5689 2260
8132 4286
1955 2908
886 7843
2510 6334
116 7082
6249 3708
7931 2285
6873 4591
6376 3938
5090 6026
6648 4137
8808 5993
5121 8693
7400 759
2265 3633
7906 8776
2452 9040
8296 8913
3124 7859
962 5615
2493 7398
274 3055
4255 5947
291 185
188 5548
9919 747
5821 8606
5323 1130
1306 4936
6519 2157
8331 1179
1059 4674
6662 5010
3149 1193
9793 7087
7543 9919
7068 6753
2424 8968
7121 2718
4922 823
728 365
6493 9122
8439 3313
7016 6540
5772 9162
186 4377
7272 3545
5439 5889
9106 1322
3351 6530
7847 1501
7740 3145
3121 5759
7151 5701
6162 8954
7618 5149
9506 8003
9906 6034
7007 8182
6052 263
1117 4580
5797 6125
3358 2206
7849 3849
8896 7377
4889 395
2158 7698
5763 6714
4423 607
2523 5987
6226 6217
9815 408
3618 7351
6114 7834
2673 2566
3782 1513
7328 600
9924 7396
2863 7916
3219 5824
4430 278
1947 4957
1603 8377
1284 3826
5074 1031
5863 7554
1846 3548
9604 5938
343 8807
8496 5240
5916 1425
4240 6925
6352 494
3535 2716
624 931
980 5860
4391 524
9811 3364
3338 1932
4367 1830
3410 2127
2840 1245
3038 7889
2278 9706
4221 9100
7289 9546
5106 6586
1943 4099
1450 4421
7558 631
6748 4181
2030 8074
1377 7383
6031 8173
8346 3465
3110 5875
4748 5263
1975 9391
3613 628
4270 7004
8902 8927
1370 4143
5325 4013
6858 4043
45 9099
5124 4908
6197 9651
5998 1612
1886 5327
9902 4098
9177 6363
6324 6620
7931 4966
483 9781
9190 6983
6480 3834
6164 8589
2692 326
8282 2820
2035 5122
1218 1561
2972 3371
7227 1433
1612 1198
5503 5884
5298 607
1933 5853
9151 8681
7401 920
1236 2595
229 3094
4427 8512
6384 673
5439 7687
6151 3744
2693 2538
6001 3021
1084 3228
78 6286
6550 2782
6598 1354
1483 357
6447 7217
7855 5373
5187 1928
3045 5911
8832 6156
8017 5444
1534 1760
2988 8145
9221 7862
5230 9711
6824 6693
6670 5708
4385 3286
7495 8695
380 4477
1487 9066
1312 2959
5398 5562
6098 7930
353 8894
2966 2778
923 2664
4243 9148
1019 1787
1014 2400
1838 3805
9392 4814
9436 7036
5599 7860
5263 8079
3571 3048
789 365
5323 2923
2851 7420
7650 9246
4665 9033
7955 8735
6009 1129
30 9356
1458 950
8447 6222
9545 6008
1767 9213
3151 3713
4101 7005
8007 7160
7896 579
6923 8031
7858 8159
5515 8599
4143 6713
1561 254
3342 6785
6800 2821
9556 2821
5933 5175
1613 1961
4739 7532
5891 9657
2396 206
304 1391
7182 7585
3799 612
9485 9066
6068 2666
9077 3708
5680 3909
818 4863
8917 3468
5779 9663
1705 4673
2367 1848
6837 1641
807 5485
3578 4847
4497 5516
888 2595
480 4999
7648 2696
9123 7987
9485 7641
3478 7096
1809 457
3414 9020
9781 4541
940 371
6559 3967
4783 2684
3187 8247
6201 2288
2173 710
2619 439
5783 2090
1527 2805
8362 6068
3874 2921
8469 8589
276 8509
9232 8080
6784 320
3415 3159
3732 1585
8684 6120
3708 8510
2435 3989
6337 9988
3437 1626
9591 5614
4264 9904
8334 3022
6606 5289
8710 3829
5137 581
7737 2226
1205 8622
339 2626
7316 4397
6169 5111
4725 4163
1810 3996
8979 8665
8663 8565
1438 8181
8044 6858
439 8526
6223 9495
6394 270
7989 7237
84 4485
5027 5666
662 1679
9488 4730
6838 3622
7008 579
3429 8235
8753 4407
8505 6921
5131 2618
8613 9888
2553 8095
9790 9920
5243 5592
9803 4088
8034 2533
728 9489
6883 9648
4584 9698
4939 25
6511 3148
4315 5952
7 3917
8705 9382
8371 1144
8370 1437
4878 5374
4317 2459
6825 1646
7560 53
9639 9056
9845 9729
7046 9336
7898 3108
1175 5676
8259 981
8214 7194
1853 3472
7673 7021
1286 2791
241 3203
809 7570
2870 7431
2596 1425
899 6717
4765 985
9139 2375
1787 4157
5853 4486
6638 2194
5005 6739
4857 1484
7090 2748
2540 2869
4350 3246
5960 4908
492 5041
3865 8564
3984 2613
4527 4082
9036 77
8022 5865
1339 568
3253 9025
165 6106
8106 2760
5941 7136
1594 6893
9655 5485
8091 7893
2527 8762
4430 6445
8191 9246
3667 4916
8968 2336
5613 3237
6503 9431
1440 1537
7856 4449
8915 7790
8581 3965
9100 3268
7537 3210
8644 4945
7104 9627
4923 3240
7815 2816
2219 4393
6780 718
7363 3700
1522 6877
212 3183
7908 2426
359 6376
2806 392
9163 2463
7289 7444
8004 351
7557 1309
2191 9449
5192 9524
5045 7231
7044 9120
1449 9519
7485 3458
4008 2401
2795 8685
2705 9890
5484 4624
7952 4753
2520 7302
9420 1615
9642 5440
7335 1392
1016 948
374 1857
3074 7664
1813 923
9090 9441
2017 7694
5602 4019
6125 3946
8011 9692
4464 1778
4130 2662
3934 6474
5774 6591
3312 2105
9718 5802
3715 1830
352 4915
1699 1451
8997 7298
619 3882
1948 2188
772 6491
2227 2931
2724 4928
4574 3321
8358 4293
7275 4569
7455 6546
8491 2430
9441 2438
9027 7717
3466 3480
9420 899
9489 3733
4504 8333
4314 6156
3993 5432
5201 4267
7527 3619
9742 2610
2512 3578
1944 4606
9019 9314
9078 3753
173 4992
477 4730
9171 919
5291 233
1164 7475
7648 6659
7643 8790
2919 6676
4385 7160
9467 7280
1069 2791
4474 7033
5772 2238
2825 2985
5866 4966
2230 2164
3384 7757
375 4089
4147 8829
313 6168
6933 4836
2315 3343
7580 2780
7333 6995
6254 7808
6030 8701
2864 7121
7276 6648
9146 8825
7265 8240
20 3501
1913 2741
2261 9266
2324 8381
5627 516
4273 8221
911 777
545 6846
8223 1286
4329 430
7849 1778
4564 5504
1350 1312
8321 7591
8946 3834
9912 7097
9959 6678
9077 8882
8527 3373
2751 6662
2979 2818
8205 1402
6459 526
9451 7352
4059 1710
9371 6778
6542 9492
425 8395
2114 4416
7573 5594
8121 8417
7548 8523
8412 746
8629 952
6152 4491
9095 834
2104 5703
1746 3962
1066 1056
7392 4517
838 7782
6205 9844
4191 1984
120 5823
903 4937
4712 2452
7856 1774
3727 3413
6156 2264
2848 3611
6780 4690
8191 4219
8840 5303
5836 1022
5878 2663
3925 746
4424 7100
291 9955
5696 3422
262 1423
6670 7392
978 132
283 236
5242 4968
308 8802
9162 1747
2855 8667
1288 8626
2984 7790
3205 9066
7454 8010
5739 6841
8423 4185
661 8218
2311 7807
9589 2459
3439 9097
9906 2056
1135 9182
9760 7934
2220 9318
7710 363
9919 1909
2959 3688
4951 2051
6018 9875
2467 719
940 8873
4391 7373
2268 8776
9481 7422
9236 3106
8052 2501
1183 6447
8579 8155
5851 3737
8206 1386
9441 7817
886 527
2942 545
8539 5900
5083 5526
5890 9932
8512 7565
1537 100
3268 8303
3020 8442
8051 3325
1610 7555
6140 5051
4266 3993
9516 6335
5181 7163
3855 9733
5814 4796
6511 7130
7373 3617
2333 5018
8431 9688
6504 9819
5491 2856
2254 3377
3948 8945
2246 775
7543 8083
767 7046
3975 7594
1277 7932
9790 6805
3082 3156
4834 9867
7271 8411
6137 1426
7609 4503
525 1653
5672 7112
3603 3162
173 7520
5246 4515
4085 1697
8939 952
3576 1657
2860 4167
9617 735
5179 7172
9687 877
8467 749
6356 1113
9549 818
8549 6903
8906 1284
5673 6624
1607 8533
5075 8607
3332 9490
9262 9183
3801 368
1033 9236
5197 6211
2068 3061
741 1090
5440 5202
3277 7462
4797 9229
7105 8920
4917 8029
9508 7745
4369 9039
3768 5801
7753 226
3274 8945
5622 8394
906 5650
5237 6208
3538 7634
4801 6861
7003 9287
1267 4970
9654 326
6844 7200
5804 4660
2563 8823
3948 3635
2665 9289
7427 5004
5687 1152
6537 8006
5988 6176
6616 1987
4887 5319
5257 9204
4876 7992
6919 2556
3667 7724
4787 5429
6967 6676
8874 9636
217 4406
4181 7851
2145 4670
7928 3077
7052 1490
5159 5808
9054 9399
599 163
9214 5326
815 7697
3452 5261
7126 9414
4820 9563
6063 5996
1029 4496
542 8446
8444 833
8361 8146
8262 264
7792 22
1468 5306
6991 2096
4 8433
82 1598
1392 9374
5131 6836
4361 1080
4061 8110
6767 2456
7506 2561
373 9632
8053 8372
1952 2631
5572 2708
5593 8745
7056 4130
1093 6807
6230 4177
3310 3700
1638 1081
7594 9005
9793 3094
2918 6422
3122 7858
4083 8679
7184 3048
862 9959
7433 5561
3615 7989
8169 2149
937 961
4027 361
2022 2298
2370 8371
8712 8218
1481 7918
5393 7078
1060 5862
7809 1962
7435 5669
708 6534
6938 6061
10 3203
4572 3105
6996 5528
1237 1547
6933 1992
3624 5687
1236 6407
350 3143
7868 5499
5029 1274
2224 3447
1393 2444
2239 2524
3000 8446
4454 207
4396 6264
55 4425
7041 164
7080 9464
2062 2342
8803 51
7831 2416
3477 5710
658 7710
2888 5623
4079 7811
9037 600
2334 115
7516 6568
3650 1998
4972 3392
522 3404
5176 1589
8577 6385
8088 3319
8296 2069
1219 4277
7495 2758
8947 1561
3488 3281
4353 4538
5764 4362
6945 8100
7433 1922
5499 5388
7853 7839
4864 2118
7782 6497
7811 8048
956 3150
6206 850
5025 8644
8634 7573
8831 5131
1871 6608
6414 1700
3845 6246
963 9946
5209 6767
7680 2255
2474 3029
5166 3165
9040 8813
3161 147
2951 7455
2824 7275
1319 3685
6290 8611
2346 4243
2676 5068
6779 6899
9490 9282
7487 9233
4949 7166
5581 4148
6412 5225
9642 4872
1247 9567
2071 9535
3629 4027
7417 815
8004 8311
7809 5097
2903 5115
1583 2243
4292 8353
4860 9889
6711 5199
7256 6422
5963 3421
5533 4421
936 323
1636 7987
8128 9470
180 4849
6619 2345
4386 1901
4541 5749
6819 1593
8797 3281
9905 8312
5199 9040
7284 7904
2636 7785
3 3703
749 5564
2198 9597
4462 5953
7481 4687
8305 3970
9996 8741
1633 6777
8040 9377
9265 8737
3781 9511
9464 656
1587 9937
6236 2862
361 3698
902 4112
4567 5825
2614 3012
4420 995
3315 9657
3122 8765
6661 9592
1446 4190
7539 7752
1099 9927
7081 2049
5200 5052
6578 7159
9599 9094
6037 8380
8602 6913
7611 6494
2049 3209
5380 6465
3757 8206
9482 567
6718 7615
4939 3967
420 1465
8890 7653
7736 2975
9099 4477
5950 508
6505 1944
4651 5984
6999 4955
2332 9628
8469 6237
5841 6187
2613 402
1547 6129
4905 9394
7921 1727
7933 4407
7160 4733
3889 3705
960 3447
2764 8795
6481 8172
2543 2392
3819 6312
4179 9680
9114 3190
4237 6065
2631 3107
5917 3319
4122 7988
2694 6051
9426 8458
5270 5902
4284 7328
463 9788
2872 7186
8146 3854
2477 4303
4790 1823
8473 8355
728 1390
5670 2375
6755 8582
8445 7432
1328 9360
1547 7523
8220 9488
6068 3880
9317 4826
3160 7409
5654 2845
810 8780
6125 4805
7958 9008
240 668
8252 5578
7765 6500
4862 6541
8601 4352
3438 5510
6545 2712
5745 1119
7719 5388
3393 8793
4421 462
1776 8473
2167 4660
6845 8602
7648 8245
3523 8794
6866 3155
8813 2219
6291 2063
6552 3723
3820 5098
7689 8431
5847 7628
9029 2313
5778 8830
1396 9984
6274 3932
318 4613
5738 1558
1343 320
3426 3470
4258 1695
4100 7560
3444 9417
7197 9712
2753 9724
9564 240
20 9045
1014 7953
9265 5503
3262 1888
3118 6449
3123 6858
6717 7031
4381 2717
6742 6985
4660 6336
4500 7221
2369 9835
9478 4667
3787 767
7579 4028
5021 5468
2080 9386
2389 3007
8299 8658
6092 7369
4396 6010
4935 3940
1501 1346
6474 1472
3608 7925
4099 3027
3946 5908
7543 7758
8875 6802
6224 2650
5592 5540
7581 8953
5389 875
3140 8594
2868 259
2811 2886
1003 2527
2581 4866
816 6697
2861 7542
5260 9505
2781 2848
5258 9689
1724 7992
652 1177
9780 7725
729 3682
2736 3544
1870 6920
3820 2168
896 3005
4294 4809
5261 3190
6356 8926
9805 2659
6199 6766
297 1182
9830 6127
3764 2258
4127 9604
5218 5295
7142 8730
2131 3580
3468 1375
2467 9201
7338 6481
2788 1047
4363 4802
164 4837
8954 2333
9054 3832
7167 4826
246 7214
1639 1987
3856 4988
4427 7165
638 2294
6781 7861
3979 5971
8922 7897
8269 3161
6424 6216
9185 7511
9474 2444
6336 5871
345 9346
5412 3225
1164 2665
7265 638
6536 6394
3578 9691
9165 9539
4783 273
618 4760
1988 556
4602 3853
7443 5918
9990 6385
298 5135
338 843
3747 9081
6097 3742
7510 4450
6426 8563
9141 503
2633 730
561 3193
1118 4944
2146 1021
1948 3449
1407 2296
903 1995
6978 5442
1008 4834
7273 8504
5591 805
3141 812
6539 7396
9926 2470
7685 1875
3088 7452
1244 7007
1353 4463
8087 9909
286 7781
8634 8724
5146 2120
1619 9612
9224 54
8103 9469
4855 3098
6108 4612
6071 4594
9429 2470
4587 7239
1731 9873
9047 2575
5152 5055
7348 2118
8127 7954
3729 6929
6723 9549
6871 5061
5598 2850
9862 4402
2639 26
6031 3316
2824 3047
6629 8355
1563 6932
530 2376
8243 8455
715 8598
5133 8545
1555 1975
5205 4471
8952 6683
4963 9719
3497 1402
5497 5701
6350 5241
7469 3251
1452 9396
1682 9285
8180 9327
8210 6767
5564 1718
6492 3029
4769 3745
9373 3764
779 8277
7541 3483
1334 1679
3392 6837
7119 1288
958 5933
2657 1818
6853 8181
6866 9816
1853 5503
2419 759
7043 7746
8422 6481
3067 2465
7060 3574
5321 1608
4697 5309
6509 6260
9486 4074
8668 5377
6288 1956
2420 6347
1130 9549
1449 4029
7788 7005
3786 3269
254 9202
4284 6798
4992 3
2157 7712
8012 208
3874 2200
5442 8792
6174 7892
2105 4731
7019 509
6274 999
1419 6086
1107 7672
5682 1424
4683 3467
3664 6770
9802 4834
8608 3766
942 7747
4336 7266
1092 7065
1606 8764
3030 8643
2969 4200
9938 7595
7977 9886
4490 5792
643 9830
8587 8197
7307 3044
6852 4055
3304 8273
7253 5411
4377 2902
4226 5903
7487 9912
963 794
3728 195
8950 8531
9260 5590
9462 5789
7222 8557
7756 6208
2052 6589
552 3614
9677 1753
9184 1508
8842 6276
9552 40
6692 7927
2003 4631
3624 8306
1584 9565
5344 6784
2966 7992
2860 889
348 1569
6658 9218
2261 6990
72 1585
3889 204
3955 4914
554 7592
3595 9699
2210 7740
7067 7539
4099 4547
6714 4744
9898 8283
4568 8693
8664 1722
5274 877
5787 2274
4098 3596
7971 6032
3632 664
3627 6306
7950 3259
8967 9297
6163 6561
1823 4519
8157 4889
6753 2133
6171 6871
9908 4008
5366 1361
9371 4492
5356 1054
9952 1392
7800 5052
407 6284
6220 5886
574 72
8224 9854
4273 3255
8688 2265
4346 708
4700 8501
3162 2181
1589 3073
671 598
1075 7787
1226 8206
8837 2090
7382 6032
1835 1036
4578 101
5900 6887
5712 3975
4378 4862
263 8704
7723 430
9423 6863
7605 7478
613 189
688 3066
6417 6407
3554 5368
1800 4091
1809 4410
7114 8357
9468 8258
4172 3224
677 1682
4492 4797
4814 3577
1301 3993
8165 4853
5811 6147
6034 5417
3460 7020
5404 6952
5250 307
2168 4890
468 6575
8211 2742
3039 4057
9637 1097
3757 5605
7036 1243
6382 5381
4207 1861
6374 2530
6280 4297
901 5006
5311 3867
6634 7921
7598 1835
5838 2804
6113 72
560 4467
7015 3259
2530 410
8777 6551
5529 7980
4409 4102
2592 3476
2870 7289
7245 2233
9006 9357
3007 6533
4833 1658
6449 6587
2584 4454
3596 5850
8004 8611
5482 2023
7150 467
9327 8163
5947 3371
3359 7487
7611 9042
3546 413
2534 6288
2510 1717
31 8406
2039 1664
3257 8013
5997 2642
3755 8674
3919 9158
9178 9135
3181 4412
294 3624
2856 4597
9095 8728
1077 7376
387 6710
7734 155
4819 4357
8607 5397
3618 3090
7830 4794
4427 2842
1536 4625
358 7583
3312 6241
8084 5209
2153 6239
5549 5511
1225 7785
7084 4670
2877 9648
3372 6815
5759 6633
5569 2204
2514 5782
7752 5259
3768 3179
5164 241
2852 3424
8070 8418
4261 3162
6758 5304
3585 8095
9413 2014
9505 10
2463 3956
370 3261
1635 2777
444 1669
2084 5331
9202 2212
4104 5479
1698 249
3756 572
7518 7828
3636 1888
7198 3971
2417 6594
8266 6093
7479 4752
6419 5573
752 447
6883 8287
5660 4538
8315 9864
1087 8764
268 6868
1455 9889
3982 5688
5659 5250
1353 8376
9033 759
7572 6294
5245 2536
3301 8979
5137 7792
2292 3064
8388 5701
649 6880
8374 333
2721 6945
7515 6734
4383 7675
4967 5692
7564 5054
5635 875
6137 576
7621 1529
8563 8424
6960 1337
7948 2483
8473 12
8950 3256
9846 8187
1537 2006
3297 1935
7865 3373
6631 7186
5473 1939
2482 3210
5629 8953
4735 9017
1735 7857
1725 7531
1316 1573
3879 6431
2956 8529
1618 2715
664 9795
4336 6642
182 5749
4705 1200
635 1800
670 4211
2248 3261
3424 9992
7283 1917
3211 3112
6033 313
5631 6357
6384 2668
9981 306
883 1983
2578 407
8902 2279
9554 2636
652 4277
5151 4708
2171 8792
2773 6841
6309 6877
2014 2292
4435 6751
7775 4617
5604 2714
2641 3715
8908 9006
2648 4359
562 8374
3300 4787
4044 7018
7868 5462
4882 5867
3102 5614
6452 9870
9628 2089
2957 9767
6768 96
6581 2092
9333 2937
4663 9202
9509 8587
4383 5706
9338 4861
1691 6618
7533 6514
5881 5270
9070 5748
9522 4045
5191 2384
1204 7084
211 1974
8569 7383
8837 5349
6328 3637
4540 526
5340 6711
5599 4945
29 3236
2279 9196
9076 5764
4352 1935
5632 520
7677 910
7732 186
2242 9155
5841 2279
1629 803
2140 2659
9717 253
6730 8268
930 7734
3489 2457
4034 138
144 6215
6369 7232
8613 5846
3341 7084
6895 9301
6522 9318
5576 6484
8457 1624
4396 1046
1546 2233
870 9993
6404 6993
3553 1046
6106 9259
4851 1952
5506 3324
3983 288
593 9359
3087 8727
1620 8674
1630 4414
6179 9346
2674 1926
1543 6046
9557 8798
1554 7597
3138 3668
1436 1297
4848 8743
1894 1552
8260 4621
7974 4782
6712 5642
9047 2042
6504 4701
8687 6197
811 4863
2644 1322
9701 9419
9898 6577
4320 2481
494 9748
1005 6888
1314 2495
8605 5096
7476 3043
3618 5807
6525 6052
8478 9075
3062 3018
3364 7619
2631 6280
4348 4757
7871 3780
9413 8896
2865 6759
3048 4761
4829 3234
9529 1902
6001 6630
7437 7600
6984 8937
4422 5717
2470 5951
6223 2661
4779 7600
742 7059
8684 9065
4256 6000
6254 2363
7522 5687
3909 6263
7377 555
172 2726
7194 7270
3969 3063
6110 255
4578 9015
8120 5612
3982 8240
4956 9133
9464 5416
5137 3651
8843 9370
9281 4699
221 5507
8258 670
5675 2200
8075 2252
5210 5537
8269 3840
1722 1131
6691 2185
8829 9363
8269 5956
8702 7725
8379 2430
9595 144
3265 8086
9574 9479
7990 7886
8510 4874
8558 985
1852 9043
2201 5176
7275 7033
3145 1202
2520 8459
508 215
5459 8456
8470 2963
4852 5654
9887 4943
7719 7181
5743 6620
973 4513
8294 1660
6060 7729
3234 951
8519 8198
3515 7021
8607 578
6989 3357
7956 2188
1022 510
7795 580
8251 476
3050 6690
9784 8137
3097 8144
9178 8196
4247 4099
8402 2048
1229 6463
2413 8308
2700 437
3581 305
2842 9989
3605 9398
7073 7593
7755 8266
5465 6478
3737 919
7975 3980
8749 8944
6566 7703
6625 8256
3037 148
6060 1969
246 2133
5995 5313
7982 5436
408 485
2117 1995
9301 3004
5579 873
4670 5052
9017 1250
9441 7489
1273 3252
9301 2331
5153 8661
9474 7816
1310 8582
8552 7338
6630 6136
3606 4415
6993 3169
9576 5852
2426 9529
7453 3536
8130 2315
8369 3019
5181 97
3270 7429
9371 8712
7234 7876
6532 6453
5333 5886
1530 6584
4343 3018
3361 5120
1780 4235
1846 8324
8094 9087
3103 7102
6802 9568
7605 9379
9160 9392
9012 6178
5091 9814
4311 3217
3873 5844
6363 7865
4232 5773
3815 3961
9322 2535
7451 1067
81 8985
6506 2869
5595 9593
4159 4341
5712 9847
6509 4451
3948 7501
6518 3845
6349 6110
7824 1529
1952 8710
7535 1461
6772 3267
1834 3599
9811 4234
914 4638
1630 3316
5056 8188
4119 4869
4516 8787
1206 3327
3157 1198
5329 9979
4982 7397
9203 4648
6055 2273
1547 6302
2501 1153
3051 1471
1482 3579
4901 8085
8269 9893
839 8189
6954 3487
2901 9871
5347 2666
2095 7472
7468 2446
7873 749
3631 8271
4993 5630
5787 5488
9310 5248
6442 1860
7231 2826
5660 1000
7566 3251
849 3792
4585 7884
6197 4518
9504 5762
8753 8178
6514 497
9404 1092
4458 3233
1547 2675
9142 3559
7372 5728
1813 566
5078 520
3145 1655
7129 3660
1963 2541
5522 321
6523 2999
5540 2347
3687 8040
7852 5937
2660 1134
9422 4021
2669 4714
4017 3991
7728 9739
1127 7362
3522 6112
3918 1996
802 3372
3538 7200
2329 5530
6084 1041
6507 4729
5097 9059
2871 7432
9091 3703
9994 258
3189 3187
6627 5098
2615 5001
2996 8758
7608 8663
7195 1567
7058 4330
3172 1042
799 1162
8470 68
7740 7211
3170 6484
1600 7727
8082 448
9665 9989
4103 5305
1226 5164
2917 1223
346 6523
9166 550
6050 8419
1345 1220
9760 5773
7988 5955
4743 9086
4296 7666
6604 8272
1952 699
2748 7105
7435 8370
4087 7225
6879 1875
9633 5325
3060 3690
9809 6351
4691 4831
7559 3550
397 1301
8342 6464
5585 1648
1999 2908
8622 7147
2032 2245
6400 8384
8989 8802
2918 827
9787 8005
2879 3861
32 6395
9542 621
9932 4085
4678 1115
8142 6420
6255 3770
3307 866
5274 4887
1356 3858
3860 3060
5159 9919
9919 3664
9046 2569
7307 3049
2108 9838
2253 6208
2170 8575
1449 5493
9767 1091
5712 1677
3221 8159
7418 8887
3303 9477
135 2126
4907 1595
3013 6487
2963 8325
4488 4260
5808 8453
2644 741
6572 605
8429 7678
4960 3505
9455 5899
3514 9171
4286 1030
4298 9761
9347 5901
9081 2736
3094 6775
3753 5032
9495 1113
2654 9613
218 9137
9225 1760
9852 7259
358 7594
6463 5582
5017 9014
5946 6880
4028 6855
7881 8478
7466 5463
9290 1821
5057 2421
1703 2690
4097 2850
3304 1447
8264 7264
5233 5849
9924 3379
8212 7223
7796 4661
2063 684
6541 1667
1922 500
7320 9335
1545 7838
677 3804
9223 3760
4530 1971
3910 3735
6804 2032
9554 8175
2832 8000
4665 8659
4508 6429
7730 2244
7283 9001
6044 2277
2779 1122
4034 3711
9953 7504
6120 9307
261 2133
7338 1374
1221 6020
7506 7231
5742 2209
9452 1355
494 8482
4191 4552
6409 7775
1260 3572
2299 4523
5490 4314
1834 7096
7394 9594
9663 2336
1550 5769
3826 7403
6902 9641
601 8094
928 1171
8363 2322
7159 5119
7784 6371
3554 2937
694 1749
622 8529
5029 2322
3665 3145
8168 4563
6065 1204
5791 8264
7044 7218
2496 7092
9774 472
1689 878
8369 8161
7019 3752
9819 2326
9170 709
9780 6806
8448 1553
8811 7717
4231 909
6328 2851
3568 5406
5561 9825
4152 462
7661 8521
9308 3260
7913 3610
3937 5822
4992 5733
7326 3473
5487 4148
810 8702
3486 591
3896 4773
7656 2449
2383 7689
2797 2201
9027 883
3270 1659
5164 449
5748 2577
3193 8550
8754 608
8355 1213
3815 9573
1328 8964
1337 1121
6271 8556
576 2802
789 7676
4494 4886
7879 3021
3389 1050
642 3533
8352 7835
4854 3336
4401 3733
9755 4550
1497 3734
203 4244
1409 5542
2325 1606
4899 6481
8660 609
5482 6190
9158 2887
7418 4522
9625 9913
11 3242
6440 147
4452 8459
9383 1079
4504 38
417 3990
1267 6546
7924 273
5553 9537
4643 6107
8197 7772
9741 5245
4914 161
6865 7282
8605 8415
4367 4297
5812 1332
431 7361
6026 1923
1563 3000
9925 6756
4547 5951
7725 5896
7518 7275
5940 3295
7688 5113
5001 4426
9594 988
6743 9002
269 3423
206 3891
703 915
2843 7666
4022 2669
3049 8256
2296 4022
8844 2034
5539 1893
6818 9646
9519 4913
976 9505
1691 9513
8893 8540
1221 8032
7332 9832
5346 4429
7979 6731
7584 3672
7604 480
6181 113
5196 2747
1338 5756
1270 5425
1637 2854
8034 4897
1850 5240
9518 4934
5096 8475
9870 5839
3591 2613
3774 9710
7304 1784
7657 1536
176 6454
9044 7713
759 3812
214 4772
6489 1705
3994 6349
1371 6130
9004 7032
4303 3112
3781 9691
6864 4396
9507 9010
8750 5707
2496 5288
6468 6078
9550 7019
7076 4799
3134 3944
5200 7394
5063 9856
327 3419
8824 3330
805 2103
4918 6613
5642 5600
6779 2961
4492 9529
6475 4947
7167 4892
3686 6745
3291 129
1776 4315
660 6837
2624 9066
305 2349
770 31
2338 5315
286 535
5264 1066
8218 970
5362 6759
3506 2251
818 9994
2959 8711
385 6044
6767 6186
7974 9818
5168 1978
2053 7664
6014 5393
4213 4275
782 3257
4141 3817
7467 637
2748 1067
7202 4156
9076 1852
5386 9492
2012 3159
7915 6106
8334 7219
1014 3337
5386 7821
8988 4384
5126 6428
9288 8318
1881 1746
4643 725
4955 6806
1819 7739
5724 275
8229 5487
6463 2775
6209 6024
1278 1129
5624 8749
535 2931
9617 4978
5846 9260
7213 6854
9683 3527
2177 8206
8094 530
6892 5108
5992 4883
6851 6744
2271 5125
3826 4099
4921 2486
192 9193
5001 5474
5847 1639
5693 6075
3887 6442
8588 819
4118 745
2480 9818
7643 3279
1402 3524
8374 3380
5262 5188
4829 5602
3573 6172
8870 2146
5486 1516
9706 5102
7441 5637
7646 438
312 3840
2206 1999
5290 2600
451 6187
2130 7527
5839 1658
2171 1476
8422 4887
5780 9310
6 8524
5122 7984
3835 754
1647 6119
7300 6027
9089 7689
1057 8532
7052 8104
1771 1894
6296 3470
9666 7210
2284 2191
9053 7893
2299 8943
8060 1487
2469 6950
9148 7950
264 4561
5930 1623
3208 9940
2575 7737
2473 2092
3564 5397
9275 2626
7464 5831
6553 1679
3095 5842
2383 7695
9997 8249
1974 3565
3819 1724
4241 5046
6061 737
6513 990
3763 8435
8536 9247
3143 3785
7787 9678
8841 4298
9848 9846
1245 9061
1327 1233
1726 34
1901 9537
6689 8753
2663 8732
3079 3908
2967 5396
3550 3029
9782 5971
5025 9359
5717 6493
1722 8169
3236 1018
1181 8467
3933 9912
5082 8922
3817 7096
2018 3514
6490 9603
6385 9802
7382 6390
7847 3031
236 8584
2508 4472
8440 5921
1783 723
3184 3273
4035 7061
4556 3811
9138 2428
8795 3421
4308 3087
9462 9704
8013 8883
8411 3184
6343 408
6648 2733
110 4558
4301 9208
4999 3640
4913 7503
3453 2325
9764 566
8145 6201
1805 9858
9816 8369
7872 6737
4139 4128
9489 879
5873 3354
6472 8055
5274 7126
2266 5541
6416 822
8692 649
5167 6784
7656 9489
9359 480
8926 6084
8793 8638
6548 2281
5268 2140
1775 3275
3958 5096
803 6176
5797 6885
5232 1970
7410 206
565 8159
7828 3481
8297 5596
1602 6865
5256 942
4864 9262
6146 879
2678 1108
6348 457
9971 9891
4163 7598
31 382
5052 3397
9100 8522
1405 2117
874 4435
2407 649
6780 7177
5605 8324
894 3800
4290 9043
5079 5768
9424 1175
1780 4764
8749 8698
7395 7204
3940 5246
7445 9761
6296 3062
4427 8332
7186 1164
2252 6452
8239 6191
7730 2128
2667 2874
6504 9801
4272 3270
2109 4402
4759 8618
5996 9696
1609 494
9674 2843
9462 6197
222 2177
4270 9225
6271 936
5194 3226
3377 375
7082 1321
5587 958
4767 1521
6531 7872
9042 2185
4567 9369
512 2673
1485 5364
6290 2765
8357 1894
4480 8212
6699 3402
6168 7284
3172 9665
439 8897
9575 7136
5511 8387
6821 6504
1460 5869
8856 9764
4323 8019
2339 2218
2660 267
9552 2245
9863 3706
3874 9222
8190 2673
4508 563
6417 8760
3793 5389
3573 1862
8476 232
3968 6798
4209 5475
6940 4296
4373 781
3754 4137
7614 1080
9625 519
7114 8786
2143 4277
9825 2831
6781 4834
9729 1152
2474 6674
383 2658
3714 6727
5947 584
2308 641
5605 8371
4258 4219
7526 9365
3282 9361
9987 5311
3512 6825
6081 7204
5485 7286
6650 8353
7360 22
7762 1001
5888 8977
8139 5249
6453 7864
3287 7313
5957 7555
1754 8966
213 7192
6276 1991
2060 4406
2835 5993
961 7558
1607 4326
4102 8576
1777 3315
7431 9078
3083 8090
5150 3675
7469 5646
3906 113
3310 6629
6842 8638
3742 3700
3854 7275
3786 6637
2885 3463
3382 3133
5678 3599
8245 1378
6509 6785
9493 2994
759 9932
1328 5664
2954 5166
9874 4427
8612 3272
6966 5128
4904 3720
3985 921
2181 5320
994 8660
42 3628
8989 1830
4609 4678
1167 8810
5951 3165
8982 238
3631 7570
3922 171
3924 9534
888 8847
4776 234
169 9692
4196 7728
8191 2123
9175 6897
6089 2338
8604 797
3377 929
4844 7887
5257 2145
1004 971
5757 7312
4560 7630
7043 6539
9355 7271
7496 5372
6959 7230
2579 9000
7962 937
3612 2589
9855 7706
7642 965
2857 5050
5086 8780
9795 3489
3416 5294
3191 3957
9489 3602
528 1128
8924 7161
4173 6366
8316 4312
7499 3618
6265 4483
630 9176
7180 3004
6392 9996
428 2089
9158 6899
8863 1411
3120 894
6609 6127
9017 9438
1103 2267
1671 1126
6347 1865
8014 2824
5062 4150
9486 8235
3004 8393
6578 7589
9730 7210
2927 2294
98 2316
1220 1099
7706 3199
9671 2430
8449 4018
5018 8325
2149 8308
6244 5521
9289 9430
2343 9572
7930 2506
6198 3237
1439 3710
3232 7359
9616 7081
3463 1312
8971 2226
5213 5009
5260 9488
4571 5243
9149 1002
2220 5999
4228 5844
4022 974
4224 7018
5848 9121
6282 5596
7271 7257
3636 1920
8363 3022
1233 9074
5998 3652
3811 5084
7723 8816
9494 9472
525 6401
2094 2660
8779 1884
4486 6972
7623 7203
9520 703
3377 230
1997 3234
8991 5418
8710 2800
4969 3645
9383 2036
7213 1368
1976 1246
9235 3946
6630 1627
4748 5060
2894 4632
2577 4859
2073 9023
3237 9331
6812 6764
365 4017
433 9032
4039 5021
1796 785
6723 109
5659 6402
4954 7779
2373 5911
4776 3895
5744 6005
6782 2777
8552 2613
3293 5096
9104 5163
1719 5611
2785 6411
3567 7747
1346 4159
4120 2097
9082 3641
1667 4589
7204 371
295 4729
6578 5888
2958 5349
8752 8334
4047 5120
9788 8626
3651 3419
6950 8604
4263 6224
8859 853
7130 5421
9715 7522
2066 7740
1047 950
974 2231
2700 6440
1999 3310
7620 4066
9426 2719
668 7913
8755 7089
845 1157
3132 8876
3957 5095
3511 3742
2291 2830
6819 913
9744 6525
1571 4332
782 3171
2854 237
6120 5569
8266 7934
3178 2057
1356 1865
6448 7828
2114 8863
6244 948
5408 4008
8060 1867
5344 2978
2992 29
3636 5405
927 2470
9908 6450
9496 3853
1354 108
7439 2838
9781 469
3093 491
5996 676
7933 1672
4768 1649
2217 9352
9549 218
2269 3320
9995 4033
9099 1422
2355 9655
3339 1031
4678 9853
5449 152
6082 4264
8549 1428
4794 4952
8521 8892
9900 1183
1721 2659
6267 3554
9508 2767
8552 3559
9391 1987
4857 9905
8701 7225
4951 5453
3686 3968
5987 8652
2155 8587
5242 7533
6312 2410
6023 5284
3387 7027
696 3482
4075 8562
1770 7215
4484 8899
6642 9652
4366 4526
7420 1844
3020 8132
8286 459
1002 8951
2867 586
6509 1446
2423 3001
5664 586
5592 9377
2381 5855
2697 8395
2888 8851
4221 3380
3862 9495
4654 6100
1443 2147
5212 535
1210 604
9614 9127
5825 5957
44 3747
2432 3179
4021 672
4790 5549
2408 5466
2199 7586
4668 676
2593 4644
3553 9183
3017 2742
8283 5706
7018 9745
5894 9263
8035 4900
2796 2932
6029 4357
9700 4491
6208 372
9675 2685
3121 7720
4244 7331
8331 5513
3617 3881
4333 9615
8963 1295
6175 2583
6590 1693
3345 2886
3046 3584
4912 930
3381 5998
6480 5255
2061 3540
3748 4527
3107 4862
4161 1084
1200 3399
2956 6252
4911 9440
2154 5627
6934 1244
9758 9966
7842 6594
6814 8993
552 6594
1672 2510
9304 4103
8362 309
6615 4537
9966 2785
2286 2075
1373 5795
665 6692
1612 8083
1779 165
4358 3643
5695 5203
8079 5084
4238 1000
5450 4732
1218 7276
4414 6743
3584 9
3243 9568
5605 1385
9669 1271
4239 7638
5474 976
8691 259
4889 9830
221 2847
512 3287
2710 9296
3545 9973
2613 3304
3117 1932
2250 474
4799 2169
8916 9977
2227 1129
1224 5817
3245 1950
2110 8182
9140 5309
1979 287
5569 1992
6986 4322
6338 2219
4225 9525
5235 7320
1683 2166
5275 3053
440 4569
6712 4961
1675 6758
1153 6292
5982 5324
7606 7239
9576 5949
6595 2271
1227 4935
3201 7212
1372 2898
5259 336
4762 6602
3455 8109
7080 8779
5125 7811
4797 7131
4375 8298
4865 7826
7260 6186
7061 3730
2952 1944
995 6513
7816 2069
8409 9318
5583 9996
7883 7014
4438 2903
2726 8740
5783 6559
1610 8694
2527 2343
538 9806
9885 6355
6938 5821
3529 6045
610 5945
2162 4552
808 9355
402 2759
6078 6065
1157 3363
9021 5349
1016 165
286 5619
2811 1866
2468 2978
6752 5818
7951 3517
6244 9494
8443 4143
39 2373
1537 6993
6595 1223
7019 7153
8159 4500
2457 7735
2315 1915
3530 1128
8184 8778
309 2221
3449 6256
7289 8819
2454 2565
6401 5315
3712 8388
3354 5209
4721 8162
1847 6083
6435 2155
2333 2148
3302 681
664 7066
2751 8532
4218 9471
14 9915
4182 5502
53 4661
6015 9598
7161 5586
6915 6605
4516 3554
1515 7745
8525 8603
1224 5807
2447 5685
2906 1709
9210 7103
3085 9096
6010 1118
3380 7345
7796 3933
5924 8987
4312 1598
5957 4460
7815 6091
3575 5967
3361 30
9344 5869
7202 7199
3059 8824
3841 6278
8477 9925
8233 8225
6847 7062
9267 9151
9178 1375
6631 2042
9875 3776
1009 201
5997 9811
7513 9502
7407 2418
1906 8077
4274 6899
868 4173
8798 8782
2080 776
3299 8606
9194 5118
3228 3435
5748 4139
4214 7933
2889 6906
2286 6112
531 8626
9722 2103
2635 553
9278 9076
3101 5372
5794 5884
1104 7842
2763 1864
6384 933
187 4786
1396 1659
9572 1322
2056 1933
7771 3654
8934 9278
6632 1092
5610 516
4225 2701
2390 3014
219 9234
7411 2200
3533 7375
6172 4256
453 7073
1436 6546
3007 2767
1161 9264
2326 151
3 588
5760 8724
1320 8903
8821 9403
9042 8141
698 1448
1694 8442
1377 9643
1909 7872
717 6279
7615 4740
7787 1223
5083 1277
1181 4061
2091 124
3609 5023
5127 8700
7233 9475
7539 9523
4416 5552
4630 3521
3570 125
2351 8145
6016 3216
8452 9342
1525 890
3390 411
1274 4524
6099 4487
9400 2107
323 6407
1681 3052
1590 8092
6215 4634
491 5372
180 5578
2929 8587
7151 7382
9075 185
3338 5090
6552 3493
6240 2453
8763 2289
5021 4661
4468 1964
6996 3480
6604 4674
5978 9132
9352 915
5069 1258
9637 4167
8660 115
4013 1545
2577 5373
1279 7786
4043 852
1401 5352
6526 6602
2608 6058
3342 9837
8912 301
4027 7415
3971 1852
3531 6508
872 2720
664 8679
655 7270
9457 8287
806 3306
3425 5989
576 924
2121 1931
3061 3292
3539 2153
7949 9396
4623 5171
8207 3164
9051 520
6884 4968
9612 1236
5584 2926
4158 3175
8630 8078
5435 1942
5246 7614
8975 1890
3647 1419
7807 7844
6660 8861
4429 7548
7 3543
8252 1162
8905 3945
7766 4973
9727 7048
5036 7625
3166 4850
5361 7778
562 7014
1135 7478
5566 1531
8944 6540
3260 1251
821 8939
4562 2752
9289 8685
7816 9832
4607 1965
6253 3818
8576 3444
254 8448
4431 1713
7374 9496
2343 3853
7064 1830
5080 1230
8692 7733
7459 3924
7558 3137
7006 1988
1691 1368
4926 3108
2365 7878
7134 8955
6821 4982
7282 3055
4538 1615
3183 3504
4225 6977
1086 4304
528 4347
2829 2573
6145 7959
2428 4983
5586 8225
6223 8631
436 670
7234 2556
6550 3784
2200 1562
2196 5491
4591 4411
8513 4551
652 5243
1052 2995
9224 5582
7507 1585
6361 5746
3237 4386
3373 1015
3490 7395
1897 3226
7870 8698
4333 7959
1467 9125
918 1657
9815 4566
5613 9094
9598 7328
3067 3604
8459 511
4140 2057
7603 5134
2731 6876
7956 2502
2234 6404
7096 575
6269 3217
9197 407
4502 3453
7881 6380
2527 4073
7491 2930
8635 567
4751 87
8073 74
6470 1909
1201 7073
8172 3955
6023 5945
9424 6101
8322 4603
271 7585
1350 4293
827 88
2118 1066
390 6955
4990 2122
4063 790
3862 9153
7099 8290
3451 856
6722 6213
4853 5044
2769 1650
6166 1302
9168 8057
9348 5187
1798 9392
3282 3163
5930 2310
6732 1160
558 9710
5968 6683
9512 2649
8727 5011
6500 4649
536 8806
9722 8644
1581 8982
6487 184
2116 6186
9764 5578
9836 4398
5354 3079
5975 5363
2904 151
3428 4451
5760 3350
5814 2395
1384 1246
119 2969
8378 2949
4600 1946
9264 4632
2332 2017
8948 4597
4290 52
9879 7453
4098 9917
5393 6911
4367 9577
9748 2554
312 1052
5358 3296
8493 3349
4703 6532
4002 16
4871 50
9942 9060
8866 8815
7669 9011
9190 871
6598 8653
6380 8322
8881 7077
1382 7507
3122 627
2542 3849
3943 2761
8880 7586
4702 6557
6626 4946
5934 8829
4122 1184
8942 6641
5386 4860
950 3315
8406 6398
8593 5447
5783 6935
7655 5637
8442 5579
5265 5272
9075 1593
3671 122
5198 8447
3891 5148
9325 2242
5472 8288
4685 7116
9927 159
4955 4991
9947 3866
2371 1968
3352 9255
9201 7062
7926 3311
8903 134
4919 667
657 6044
6577 6664
9711 7391
1670 7009
6273 5384
7617 4366
8941 2126
2250 928
6788 5927
4379 2848
3932 9640
8520 9055
7397 9712
5806 6067
2575 6217
3173 4728
8504 5240
3424 5123
4474 8017
3725 5790
3137 4748
1642 5934
4213 1876
9550 1071
4741 4121
4075 9543
2273 9672
3045 762
6050 809
4882 1394
2932 5059
6187 4521
9090 2069
5781 5148
7958 9837
2523 3270
4081 9560
7525 782
4776 6451
4728 9593
8443 6663
5662 4892
776 7464
8019 2096
4986 8578
1608 3912
3778 1623
3702 5973
1213 7115
3619 8484
1496 9258
1037 5681
1626 7395
3954 2390
4559 2879
1710 8553
6169 4531
1925 7323
9459 5008
