100 1000
44 13
43 89
58 91
2 89
69 29
30 83
65 58
46 33
32 79
8 60
35 25
4 20
28 63
40 47
51 52
34 40
6 31
72 50
41 31
51 62
45 4
46 32
12 66
30 84
81 57
22 84
58 57
92 87
43 67
2 49
41 13
65 46
46 47
32 78
24 25
11 79
75 92
9 8
73 83
15 25
72 26
51 73
68 87
18 2
61 48
42 94
28 9
59 35
60 42
24 95
60 28
62 96
70 81
80 76
50 83
62 74
58 51
84 36
84 61
27 88
56 37
73 22
47 48
73 21
41 15
81 37
98 9
56 39
97 3
8 13
63 9
2 90
28 8
15 70
51 69
75 41
54 44
99 79
9 92
73 53
43 35
73 1
61 73
7 99
37 55
0 82
88 33
38 58
70 5
52 48
23 1
78 27
10 0
68 69
26 58
85 40
65 87
76 37
47 53
40 56
65 48
36 72
74 98
9 42
42 29
26 93
80 7
18 4
61 34
14 68
2 35
66 6
97 11
88 69
49 69
83 33
72 92
79 68
85 12
50 13
75 63
38 90
65 75
71 33
73 36
23 94
23 52
71 70
13 88
86 18
56 19
54 32
51 58
34 59
56 2
41 59
58 70
28 98
20 42
5 30
67 37
95 65
26 61
79 45
65 68
73 37
52 40
83 90
23 9
19 91
23 72
76 66
48 1
5 36
55 13
4 97
91 30
49 3
48 8
72 3
53 97
66 24
80 38
33 90
18 77
73 88
37 77
34 74
51 44
55 48
30 0
38 49
96 4
25 17
52 41
78 51
24 9
24 87
16 74
2 9
59 83
86 55
18 94
21 12
85 97
61 2
80 32
69 19
61 15
96 27
36 6
55 30
49 62
3 61
7 32
25 15
82 72
32 27
98 15
76 42
54 29
10 66
97 7
59 72
65 16
5 40
7 1
66 12
56 69
20 85
27 40
73 11
10 86
54 82
38 27
68 82
6 56
60 55
18 75
59 44
98 57
97 23
45 67
62 93
67 97
99 81
41 39
32 7
90 60
87 15
40 82
77 67
18 15
63 90
54 22
79 59
19 88
92 42
63 36
7 38
79 43
36 49
99 10
74 44
91 29
25 37
38 65
15 33
82 92
42 25
52 8
98 79
1 74
47 23
43 97
98 66
16 88
89 45
44 56
3 92
75 66
56 15
39 30
7 26
45 22
46 18
85 64
52 5
27 81
91 95
30 44
83 6
74 36
48 53
48 68
2 88
31 99
30 11
47 35
57 65
92 15
64 51
77 52
45 32
24 37
86 29
80 33
32 22
87 27
42 57
3 45
89 51
75 85
5 43
9 90
27 50
72 89
82 51
67 22
32 61
13 95
37 82
23 11
85 86
92 97
92 88
1 62
0 60
53 75
33 4
62 83
72 28
10 89
79 0
66 89
78 65
73 84
5 48
83 42
18 69
92 95
0 27
80 81
54 76
33 43
48 7
92 22
56 75
54 34
23 87
33 68
77 51
88 41
8 80
31 84
4 58
92 44
93 85
24 97
18 90
24 23
14 70
25 66
85 56
15 13
6 76
74 11
55 46
39 7
8 1
25 54
22 91
29 3
34 24
58 36
51 4
0 80
39 95
82 5
82 23
55 45
58 32
58 17
40 48
76 86
35 31
27 58
84 28
17 15
38 87
94 93
39 46
82 49
29 53
51 71
58 67
93 32
51 57
72 51
71 56
99 94
22 92
62 23
55 19
45 18
42 47
3 42
66 96
22 64
79 47
13 19
32 23
12 69
77 90
75 44
90 98
19 59
19 28
81 55
20 71
99 42
67 52
40 71
13 32
72 65
99 34
53 26
17 33
60 4
2 59
7 35
41 25
74 52
12 27
63 73
18 7
90 20
93 22
85 39
71 80
94 78
42 66
80 66
35 36
68 53
92 61
95 50
53 81
5 39
84 88
14 93
77 58
61 83
15 54
45 44
68 89
37 42
54 77
71 32
18 3
35 85
61 41
8 83
14 18
97 45
15 34
81 27
89 96
71 2
64 57
47 81
99 60
10 32
20 39
26 17
94 76
40 28
43 26
81 1
84 91
9 67
91 97
87 73
76 19
81 95
65 71
45 14
70 15
62 66
27 5
17 3
62 18
85 13
52 92
97 8
6 20
39 45
58 74
4 34
68 4
39 16
99 48
28 26
27 8
42 33
16 12
77 37
22 41
38 5
22 38
7 81
97 92
51 80
12 32
14 39
46 89
60 40
79 62
45 86
90 18
79 34
57 0
1 41
70 25
74 78
72 21
23 51
72 15
34 35
54 16
45 85
10 85
58 56
75 74
85 32
64 7
63 99
36 28
22 24
72 87
81 5
20 67
88 28
52 57
53 32
51 20
55 16
1 7
37 35
98 37
1 21
33 49
5 46
68 41
57 42
60 64
33 53
45 49
43 72
9 33
87 53
11 85
96 8
5 1
5 0
26 39
58 38
29 99
55 15
81 49
36 24
39 87
72 24
17 20
86 25
45 66
2 68
12 10
28 91
30 77
19 84
82 52
49 46
64 99
75 53
19 73
5 78
63 34
4 22
36 88
93 61
44 90
9 61
80 62
82 35
60 8
13 62
66 44
84 64
68 31
94 22
17 98
58 3
89 57
26 53
4 21
30 35
66 40
37 2
37 26
73 50
8 73
84 17
3 27
52 93
0 35
93 30
18 44
71 96
79 3
43 24
60 83
91 92
86 73
75 2
62 48
67 2
25 47
58 66
52 82
22 57
23 60
12 33
29 55
43 50
31 15
49 45
95 2
50 51
86 14
1 57
91 12
49 99
17 31
36 74
46 74
67 48
11 78
51 39
49 21
11 66
21 29
31 23
73 40
88 18
17 2
58 82
39 57
97 44
88 60
5 42
89 13
80 70
38 97
30 36
5 18
25 75
89 41
31 2
69 31
7 40
13 54
47 16
91 10
7 19
3 77
16 10
82 64
65 25
32 18
76 71
9 76
49 91
44 57
53 51
63 80
8 47
47 74
84 67
4 86
48 91
40 4
73 45
62 42
51 12
98 92
61 57
15 5
88 64
9 53
90 78
62 71
43 83
28 85
25 51
12 31
23 28
73 81
66 85
19 0
42 50
72 97
39 91
7 53
58 62
37 6
57 93
61 9
46 84
43 11
72 71
83 67
74 89
66 62
34 91
19 56
14 36
46 50
2 96
29 65
77 36
29 1
61 91
38 75
13 85
15 81
5 54
29 62
86 5
24 49
29 24
47 1
61 51
9 6
92 93
43 33
31 60
70 99
31 72
31 88
48 83
5 32
79 39
48 63
20 27
95 5
11 25
96 80
55 59
11 75
24 63
23 69
28 13
45 78
11 9
99 61
43 92
13 35
98 32
92 47
53 55
69 50
69 0
95 73
5 41
25 40
48 18
89 30
10 47
48 81
73 18
68 35
9 99
69 25
49 96
62 36
57 33
26 63
69 39
92 8
74 50
25 0
41 63
30 59
23 56
52 43
59 92
36 50
4 66
98 12
38 20
30 20
26 92
27 15
84 7
31 55
54 85
64 63
59 36
2 12
10 11
37 19
42 87
12 89
70 23
60 16
1 54
25 71
62 51
63 62
49 51
75 62
37 56
37 80
52 60
7 28
16 7
20 88
42 17
34 87
69 65
8 29
41 37
52 34
42 20
54 15
77 82
21 87
48 96
46 51
13 77
65 7
64 94
82 10
13 37
48 45
69 32
37 70
79 15
30 16
73 3
46 87
42 89
49 39
90 45
90 77
1 95
6 87
5 82
91 57
82 27
83 55
1 58
81 80
19 93
72 33
44 79
28 46
31 90
21 32
63 44
71 93
24 57
94 81
22 14
73 6
54 63
84 69
95 67
3 93
85 81
84 15
54 28
78 15
72 98
93 81
26 51
76 55
27 94
14 59
39 36
27 31
58 16
80 10
77 92
63 42
8 65
59 65
25 89
45 59
22 29
62 14
95 17
18 81
28 88
62 35
12 84
50 38
45 90
99 6
11 10
58 35
14 85
78 74
69 73
12 61
9 12
71 91
55 36
14 50
10 39
10 19
84 11
16 33
15 4
1 70
25 52
11 87
88 47
20 68
31 4
21 52
46 98
48 34
57 2
20 49
50 12
74 21
42 41
6 22
4 54
86 2
64 50
39 3
14 42
6 71
23 49
63 45
79 33
56 84
6 98
63 47
29 34
97 76
34 18
30 65
98 45
85 51
76 33
28 57
62 33
68 52
84 94
16 58
65 63
73 77
28 40
20 80
9 1
73 64
85 26
13 82
0 85
65 64
9 85
26 19
52 24
97 81
59 32
65 26
75 5
77 45
42 22
93 47
36 98
88 59
1 29
58 60
18 20
27 72
14 40
81 12
62 41
19 14
64 15
81 16
59 33
80 64
55 58
75 98
62 43
45 23
56 71
28 34
69 53
40 54
45 62
54 66
11 91
89 65
99 53
86 60
60 82
5 55
73 14
67 62
16 24
4 43
7 98
17 51
