10000 10000
1521 3236
5366 8197
3774 1891
1975 4386
2196 694
7322 5512
7502 5991
8653 7441
5811 4330
4995 7213
5374 5810
4564 6485
3749 428
9742 5944
5985 3970
2290 5714
9243 6262
9458 2393
749 1754
8423 532
7748 5158
7547 7284
103 8367
5022 5598
5167 5698
3909 4984
8693 4307
9218 1880
4339 5776
1562 1602
6286 8341
4780 2429
5940 1045
6360 335
9518 8841
3096 7277
4791 9426
2140 7905
9132 3657
6300 8098
4756 4100
6014 8647
1653 6058
329 4777
8099 9840
4424 6124
175 6019
8734 2126
3403 5194
9181 3510
2532 4261
7040 3675
1477 3686
9178 4222
9156 2629
5209 2328
1372 8519
8660 1962
1955 2007
4619 7077
2612 6659
1668 5277
5472 6812
8094 8177
2651 9029
6582 5588
6531 1458
5613 6657
195 7325
8053 5296
1838 4568
5117 3310
4690 7498
3266 8213
2216 409
6205 8255
6273 2759
8576 2983
2933 7924
2926 4611
3107 4774
1778 3798
8772 3338
7909 5467
5487 8083
6983 2944
728 7340
3769 6509
529 6022
2044 3464
6058 9739
4355 6258
3532 9643
8743 7268
6578 8390
7877 3927
1332 2766
4149 4134
1772 3470
3642 1827
6597 7645
580 2601
4976 2416
3907 6020
5998 8353
292 6529
6055 9800
1296 8765
4985 9420
7879 3517
5975 9400
4738 2370
3268 2424
728 4431
9201 7522
3771 5129
8727 272
5000 1008
6683 5842
6585 8066
3132 2595
721 8662
472 9227
3008 1776
7455 1057
7602 135
9829 2913
1178 7903
7799 6714
5861 5879
6340 946
483 9905
5379 4848
3277 2120
8235 6104
2239 736
3829 7247
6580 3040
6741 5367
8831 671
5823 7076
9981 6332
5754 129
3832 9407
1540 5519
4141 7800
4730 2993
5418 4283
4321 4964
4559 7645
173 6542
591 450
7315 9315
6147 5452
9365 6990
5866 8064
1554 5009
5518 5521
2241 4307
8552 3570
1699 1150
4524 6591
3646 2974
6117 7015
2383 8792
40 6706
5623 9895
7480 1840
4744 1327
4987 846
8111 2396
3514 9316
9464 8846
1047 9775
6853 387
341 709
3168 4341
8168 5708
4255 6710
7203 9447
2905 6106
3447 7859
3313 4794
1651 7516
5628 4986
2893 9497
5100 9670
6260 1980
3150 1895
8971 6708
6394 6777
6377 5179
861 2771
3959 6144
7954 1848
6849 2383
9802 3558
6715 225
9509 6648
418 5405
804 4606
5007 8655
4993 4937
1707 634
1526 6701
237 7014
4680 2824
1390 6889
7464 5415
9685 7711
207 9703
9792 127
8802 4631
5033 8968
9724 8263
6297 7418
8609 8032
9717 9681
9322 3866
4485 8257
9700 1988
3276 8610
4708 3359
4346 6649
3384 7310
6011 4343
7522 5890
7004 4691
3981 310
3675 5401
9447 5530
1703 1111
5500 1823
2116 8655
4083 6561
862 7618
5838 4066
8108 6944
2738 6314
78 5683
3349 3192
6783 2778
7624 6786
9478 7900
9022 5664
8251 2284
1832 7365
7841 9293
3894 1532
8136 625
4426 4614
6439 3966
3247 6141
8422 2558
6712 8972
6630 6894
907 5014
8586 2901
9638 372
828 9546
8669 901
1935 8943
9176 7586
3721 2800
1302 9784
2433 9369
915 2121
163 4281
3534 3768
835 4205
5299 1713
7832 8163
2048 3715
9340 9849
1256 9875
1829 3009
8328 988
526 4216
8548 921
6911 7859
4775 2593
9627 6352
5778 8283
228 432
2993 8503
1629 3068
6732 3017
9925 8774
8391 2912
3567 9572
5616 3796
1040 1500
8776 9110
2019 6248
1591 334
8142 2541
8686 4781
7300 5732
6287 7070
2138 4119
3271 1045
3509 8193
9317 6662
9693 7597
1768 6482
9526 9317
8036 5729
9691 9246
292 607
7642 3345
6763 3527
5709 6423
1765 9983
9706 7580
7042 6000
3217 7949
9979 5972
6088 7896
4605 1506
8973 9617
136 1373
44 7264
4048 3367
9993 3512
4943 5808
2076 4204
8439 7283
4819 6917
4932 2358
5164 6751
7964 281
4150 9762
409 4815
5275 7889
3842 2361
8054 5703
9829 8380
9102 8497
5082 2978
5138 9828
5712 1318
4311 8107
2295 2491
2964 4821
2983 8373
5207 1628
6907 8838
3196 9147
5212 1174
6321 8196
5633 1548
5508 711
3013 5224
6906 5708
8578 8145
5360 7349
3385 8845
6508 5628
5291 6163
4226 9175
2723 2245
3704 6455
1392 7803
7252 693
4249 5353
692 7850
1746 5152
7132 8882
1014 5489
3431 1375
9296 4157
5441 7505
8359 3794
3920 7871
9260 6714
3141 8071
9212 3364
7983 9111
5285 2604
1389 1761
3079 1937
2994 1704
228 836
3344 5869
9195 6343
1259 9120
368 5593
1575 5958
3450 3728
3352 5582
3954 8186
6325 8302
9145 667
7549 5616
7218 7697
799 61
6700 6660
5393 1669
6236 9180
2644 4802
1931 9385
1334 8281
9701 5766
5475 724
9545 530
7243 903
8278 3363
9600 9473
3713 450
2460 3364
3261 1718
8869 2968
2346 3302
2872 5753
2483 7684
5135 1566
7097 3606
9041 16
3034 2677
269 7890
6143 8101
2131 3968
4605 5023
984 9846
2910 3808
6348 2476
9305 6157
2145 9802
5581 5933
6497 5002
4645 8862
9806 9808
7008 5048
6817 4150
8837 5557
1399 5675
9652 9442
2178 4213
5301 5304
5829 6127
7775 9992
927 7329
9934 1172
8680 909
341 580
5317 820
9494 1249
9477 3611
7358 941
7008 1472
9537 2525
1399 1238
5654 1614
6169 3117
3284 1841
399 2288
5289 4320
7338 1822
8742 2782
5580 3234
7716 6454
1491 7967
9675 202
6257 3065
8323 7299
7857 1954
8389 6907
6268 102
1780 3038
5022 3491
6820 1449
4978 6593
2651 6
6624 8622
4498 9416
8324 801
3859 7330
3060 7161
9265 681
923 8757
1811 4314
8952 3341
4949 3482
1086 50
1340 2482
1083 9084
7621 1121
6305 3430
1739 8593
1931 5181
2552 1348
8150 4221
9869 9124
7754 4914
9939 9566
2271 1156
1064 6315
3074 2053
3988 5042
6297 7038
8436 813
203 8209
8716 3845
3421 4148
7703 9927
6538 6061
7888 2188
5181 9677
6479 6522
5764 3562
4026 1468
9526 9823
9195 968
3363 4929
4802 8284
5652 142
2613 8993
1705 4407
2065 5271
4490 385
9003 5755
7172 3149
6740 7491
272 5784
7230 2767
145 4196
6362 6445
472 1146
2164 8789
3465 3382
8841 6424
4417 4335
6703 7981
8060 9583
9713 4547
2970 7102
4124 8931
5132 4754
6389 5875
709 3252
5525 4597
8322 1281
8761 8405
3906 2325
9118 8525
8166 7440
9257 9289
3301 8198
4498 1612
9387 4035
3551 5988
6351 7867
7201 4219
9589 7345
2847 2000
3401 424
3181 8642
2331 1648
4376 5649
3348 7779
3152 2308
7764 9815
6912 9985
1990 2746
7422 8967
8542 1119
222 4734
1179 729
2831 6750
4340 5055
1543 3620
5977 71
2611 6540
9362 5478
4401 3577
7749 4515
5547 668
3029 2938
440 9155
3213 8558
5927 380
9774 9299
8577 9176
7489 1727
3903 6200
5055 681
3282 5618
354 145
650 2495
7873 7531
7319 3102
9874 6055
7002 4117
3479 8700
9386 4342
5515 7044
8482 5327
6433 2235
4201 3507
6635 8639
993 1542
3510 136
921 5998
1346 9189
9654 3621
7461 3763
6724 2035
9856 4826
5752 8435
5301 1335
113 7605
7983 4759
2926 8874
1389 3759
872 6390
8880 6728
7383 3741
7892 7329
8691 2484
4066 3187
1493 8463
8496 4892
8142 2883
92 6015
767 7617
7752 9563
3342 9825
3343 1070
3706 3369
7463 7618
8852 6723
6052 8422
4255 707
9658 7416
8625 8665
4713 9448
861 4168
8313 6800
177 9328
1023 9013
1513 2204
918 7419
5086 3174
5341 4045
4936 4337
5406 7994
6489 3502
5127 283
3973 9265
5106 4749
6784 1960
944 4338
9449 6103
3799 3904
9409 8986
1302 4660
6371 3822
4469 3157
6115 6602
31 2150
875 1012
1471 8413
5570 1251
6683 4783
9770 6422
8303 2601
4866 7996
6473 3500
9900 8384
5397 1983
2945 7632
679 3185
1351 2588
2287 7749
1564 7984
1224 8781
4046 2917
201 6242
460 3792
2923 949
7871 2
3359 5280
7254 8919
7030 9031
1998 3472
1698 2370
7246 878
2585 9397
1486 1557
9312 1437
6414 2677
7524 881
5698 2433
9243 6619
8733 5583
4288 327
9303 1862
5525 2906
1316 3215
5554 2875
9592 4009
9377 7334
6448 429
1618 8505
3321 1912
2019 2617
1377 7415
3108 9688
4069 2284
4603 8769
6686 4904
1574 7030
1253 4344
4396 3599
2718 6344
2066 668
9315 9024
1259 2915
8809 3107
4512 3474
4985 7676
6416 8172
2989 1413
8038 7945
2317 1029
3039 929
5656 5192
4394 7528
942 3377
667 6795
264 2545
4889 3955
9593 6136
2814 9804
5551 2299
1692 3694
1525 3848
6772 4527
7066 3758
333 4264
436 7029
5879 6698
141 489
2118 4644
5946 188
8659 4397
7786 361
423 858
7184 1156
2393 4955
5608 1478
9192 2932
5197 8443
5535 4319
341 6212
9086 3867
8786 6852
1192 7583
5313 5014
6522 1122
2594 7749
5290 1313
6966 9979
7856 2433
8587 8603
2539 1867
6108 7362
3327 5021
8743 2937
8797 8120
3711 5931
7290 6730
393 8655
6878 1631
4663 1747
4152 2015
8027 4309
9032 4443
1172 8694
933 1496
3900 4267
2706 1300
3255 1197
1226 1716
504 2659
2467 187
4754 6450
6766 3853
9292 2443
5502 60
450 117
3027 5323
2940 5609
2231 7014
4377 1683
6324 4214
7907 5717
6508 3629
1536 3047
6692 983
1792 3604
7882 3997
8167 8036
9890 325
7470 7911
3905 9077
4021 8624
8188 9403
2237 332
1093 9273
9247 9157
2898 2616
9553 543
9830 6159
1372 9415
4465 8500
4245 812
9866 1549
3685 322
5920 5226
5245 541
6611 145
2645 6137
8511 2733
8367 7405
7965 2744
9275 7567
6253 1746
5579 410
6098 6717
2517 3903
2850 688
197 2148
8892 4893
481 7686
6024 6643
4289 9614
3816 3668
9454 4413
1919 5050
9826 4399
3443 2952
2551 4940
6241 9889
7089 7289
2451 5820
2143 7420
5694 4377
9732 5876
1844 9662
4388 6291
9834 8579
9938 5155
54 1376
7228 88
430 1335
4367 1044
9752 4002
9283 8653
4228 3983
8073 6114
3475 756
1120 4959
6381 9180
5969 1227
6260 7381
1471 6520
8758 7010
9921 2406
3264 4799
5035 4590
285 3361
9500 8529
7161 9932
7199 7369
4393 3388
8789 3008
384 5306
7286 8754
1685 4645
3952 4184
8090 7176
9160 6412
5874 3658
9674 9453
366 1439
4086 7145
1804 6944
4003 4806
8265 5361
409 9430
2919 9204
6884 8488
1504 2715
2151 876
4090 9376
5371 7388
5271 2601
6621 373
7035 151
6006 4085
4659 6117
537 820
5976 9777
4242 651
6643 5233
2831 9910
6754 3327
6981 3041
387 8269
3310 2894
2146 109
3726 3584
5685 564
6158 648
7759 9455
1282 2925
1404 528
3793 3312
1277 8624
1686 6495
9573 9254
2071 5832
4916 4646
9184 388
7708 5436
2248 8886
6203 2941
5410 7593
7141 4463
9292 6298
2263 2712
6525 1487
4245 7712
4864 1766
6402 3198
4764 6851
2159 454
3948 276
8847 1474
1852 6497
2439 4763
4245 6483
3338 8467
89 6830
9918 3378
4115 7549
9675 8122
855 938
4048 5583
234 820
1314 3139
1659 742
8870 5718
1429 647
8729 9081
556 4482
4088 4503
1448 6207
4583 5734
4757 8219
5313 3305
4655 1988
3576 2104
4305 7881
7873 3659
8726 335
249 2008
7394 8599
9910 4894
9345 5297
9194 8155
6294 4836
9472 670
4798 8818
4593 2985
5804 1314
2460 5184
603 6662
6329 2638
2468 382
6622 8159
1166 7784
753 6744
5103 9372
6124 5766
5722 2853
1957 1785
6203 9959
782 7171
8001 4851
5996 3400
9452 830
7131 9510
8420 4207
9761 358
1367 4854
3067 9886
3286 7144
8865 7802
1611 6884
3405 7639
8125 2561
4253 4885
8716 587
8886 9159
3290 5359
517 5796
991 5487
1895 3878
370 3725
1248 4460
9077 7706
5063 1176
2243 3308
3483 215
2440 8179
696 7443
171 1191
4814 6590
157 9223
2255 3442
4418 160
5337 2035
5632 813
5527 3834
208 3838
8725 9658
3925 5752
4930 8800
1698 7891
2384 8452
9307 5402
9707 4470
8940 3144
9317 6585
3049 9642
9997 1756
2133 7098
5356 9626
8288 6467
9636 8339
9243 339
9799 1601
1038 8572
7979 890
8245 3145
4208 8781
5227 4102
9574 5656
3418 7360
4289 1045
930 9198
2765 5203
3068 9331
641 169
4070 6065
2966 6533
5632 2877
466 7676
1653 8665
889 827
1501 9986
2835 1824
3671 6874
8698 824
9042 3179
9763 322
6170 2210
3517 1546
3764 7115
8616 9032
3751 4635
3131 6315
8331 2485
504 6328
9145 1505
3971 6218
4587 8176
5745 9818
7163 7201
3884 8859
1306 2103
5408 783
3368 4094
7998 5418
9115 1663
3511 110
9292 91
744 514
7293 4743
806 8709
3829 1788
1480 5475
2106 1508
9341 9744
7227 6263
650 9562
8244 9651
7459 7933
2804 1377
1130 7537
2088 1218
6410 3175
175 7198
476 6052
2488 5236
5334 1448
6782 4102
4068 8728
489 3428
543 2754
1599 6370
5426 3540
9580 8252
5519 2973
5872 8372
1289 3306
803 5379
6338 1286
9001 1708
2745 615
5651 264
9694 7697
7514 3186
3874 3497
7120 5961
4310 9037
9956 7661
3113 901
7755 2887
8294 1734
6937 3880
5552 4492
9983 4380
6471 529
8982 6864
1844 6639
766 5766
554 9236
6859 6964
7071 2833
7346 8733
5311 5273
1789 6755
6484 9697
6264 6703
1208 7804
9570 1793
3094 5480
2706 2233
250 1117
2044 6535
6122 3043
5214 4911
2725 9703
5025 3408
8051 1376
5749 8877
8545 8793
547 963
6612 8181
6426 1185
7550 7369
2558 9589
7683 6612
1740 219
5769 3396
8815 7069
918 4134
4703 4314
3638 7860
4503 2387
3768 2185
8827 9430
2652 1889
6932 8576
2307 4910
3620 6568
7921 1099
324 8998
1602 1472
7695 9017
5261 576
1024 1617
2283 3474
7369 8727
57 6064
8465 5407
1012 3121
5934 8091
3284 2081
8628 4280
6551 4043
4778 5665
1665 5308
4464 4772
7127 439
727 5680
60 8857
728 9918
2900 2731
6166 4246
6192 7684
3912 6686
8242 6146
9965 6079
6537 2513
1247 8840
3106 3870
4601 2230
7350 8465
3572 7359
7310 4400
2257 718
6735 7465
8759 1764
4159 4915
7148 4072
7462 4271
1257 4415
8675 3487
6080 5028
4125 1951
286 1080
8116 9659
3166 7663
8058 606
4323 3595
626 7986
808 2841
9721 3047
2473 1339
6329 6160
1604 1398
4678 7521
5713 1827
2925 6255
7277 1543
673 3085
9430 9456
9891 6319
8258 8368
7395 2925
9633 6654
6189 8137
5148 4406
1795 3830
3290 176
2380 7504
8139 3557
974 495
627 3000
6534 524
8856 6302
960 155
3112 3286
2422 2528
9163 1179
4290 7549
670 2307
3212 3495
5568 5283
6601 9182
3761 6569
9007 4758
9341 6835
3769 2955
5587 5397
9035 6738
888 7888
5788 7395
1042 2597
5438 9953
782 6999
1251 662
7255 5672
5909 4140
8349 6116
7355 2759
8160 8325
2702 1059
7631 4607
2408 8265
9081 1872
1123 2669
7848 6266
7269 6280
7309 3700
3376 1473
3515 2844
6988 1365
447 6604
5574 4962
3250 5767
9906 6931
4857 6998
3817 4414
5951 7446
4637 878
974 5826
6376 1559
5083 8002
2132 355
7588 9789
7391 2357
9296 5507
8898 2618
5856 7309
2846 2059
1361 3875
8457 7291
3513 2061
3686 8979
5871 1068
4143 6668
9482 9690
6996 2999
3684 41
430 4056
9005 5073
3591 6332
3789 156
1450 2949
297 1922
5052 2110
4529 3829
1588 1068
6475 7939
2877 9502
713 200
6434 705
3409 1104
9281 1734
1379 4742
7498 2120
3730 9722
2301 3786
5486 2963
6221 8820
7350 5816
2560 8887
3524 232
5460 1459
829 1672
3873 6461
1587 4505
3181 9009
8711 8709
9841 3905
5622 2946
3024 7083
1813 6446
906 9906
9330 7112
9117 9097
9329 5379
6107 3199
4934 9541
2120 1735
9611 2461
9722 8256
9298 8978
7052 6237
7235 1380
5397 185
8394 8150
1221 3452
8866 2145
2765 9820
564 3894
3492 7780
3672 3651
5636 2720
1827 7117
9748 1377
2972 1373
1984 9091
9700 1079
6829 2045
593 125
2357 5856
1982 7260
2310 9291
4496 1808
2107 5224
1821 3104
367 1863
9368 7519
8830 5183
7097 2679
8392 2886
2579 7475
1916 3075
4451 8040
4223 5483
5070 8964
2520 7646
9610 7813
4294 251
8112 9866
7749 198
5733 9956
4709 371
8889 6414
6968 1029
5377 8313
4996 189
8421 2100
514 8640
9167 8597
8763 171
9282 9805
5812 6727
630 2815
5892 6328
701 8154
3774 1261
3272 3025
4608 5210
1748 5368
9491 8976
7871 1714
6661 905
1270 6878
5598 3755
7750 4711
5367 3624
7958 8259
8653 1501
4088 9800
1809 5200
3408 5591
880 3650
6226 4285
5549 1792
5106 4543
3864 264
5513 6549
7300 5398
9829 5038
5964 6660
175 3894
9720 5888
3565 9270
7988 6743
6116 4392
9271 6211
9325 7420
7137 263
8987 3211
9016 8959
7919 7131
898 5462
494 6466
4496 1448
6978 1060
5997 9954
5984 932
7483 1321
4979 3576
7473 6304
2057 3090
8105 3722
5036 9552
45 8409
4037 3259
6238 29
2198 1556
4365 2996
3961 9787
4850 5795
7982 5994
5628 5580
1915 4078
8455 4634
3604 1632
8528 8208
9248 2613
6794 813
9615 8886
4835 4891
4151 6434
2951 956
5852 3829
5931 1737
5235 8040
2199 965
3689 374
5619 7547
6435 4940
878 6377
3071 7251
3433 5745
8333 8781
2681 3864
2295 1702
2383 7326
5403 856
3410 6107
2824 397
4212 7441
3904 5769
4804 9207
3028 2002
7142 4101
8799 281
8864 9434
481 2464
2823 7563
5965 662
1484 2315
1913 9916
1898 2922
8041 3735
2933 3615
9455 84
6856 4539
8782 6751
1169 5628
8186 6329
1626 8903
6361 9036
3481 7317
4410 2064
1006 4925
2520 5779
2518 3524
4065 9486
2380 1798
2761 6412
9797 7235
4242 5423
9174 6347
3132 5661
7769 4202
2974 6777
4580 7880
8138 8863
8541 1878
521 8669
8346 7527
5310 6383
7853 8337
7049 9312
1335 6652
9872 8795
1346 444
2976 1793
9965 9981
1538 1814
2559 9086
435 5971
8661 2191
3733 8051
2850 8293
6439 9019
9825 8142
2285 9751
2419 2384
4119 6894
3175 2071
6114 5885
2176 5056
1130 1562
1077 2982
8063 1899
2944 2051
6098 831
9240 9799
9220 9903
4608 2993
4681 2453
6841 4840
9295 993
6098 6978
1714 2491
5334 3254
1014 6582
6854 9518
1706 1389
4656 9181
2490 4335
4472 2380
8220 5805
3216 8906
2138 2983
161 5610
5344 3990
2642 3944
4340 3521
1391 9324
3383 8870
2024 1854
2974 7958
671 5502
2697 3578
7576 48
4944 5119
4959 2207
1117 4355
3348 2269
8269 1194
2108 1566
2117 801
8487 3808
3304 1698
7225 9150
6053 6236
9269 3891
595 2414
979 6600
7498 9045
8311 7270
4002 1413
7403 5944
7807 5685
7642 9212
5722 3884
5879 6140
6267 9125
3635 2179
2212 5679
9292 6467
2077 560
6440 3381
6290 7339
221 7949
7908 1579
1754 8533
6 3780
3513 2873
9975 4067
4752 6968
9364 4784
4744 7283
5777 4107
652 1775
4886 8886
1686 6763
3098 9583
4965 6680
7213 927
2503 8318
270 4111
993 5297
3536 591
5340 2900
3243 4259
3306 2742
7702 6272
6459 6277
9017 6237
6961 5382
565 9081
8376 3367
8711 9775
9200 6550
8738 7073
6521 2895
9869 8752
9993 7741
644 9676
3810 9163
7960 6655
5713 8351
1787 1000
569 235
4540 4648
9321 6467
4288 7889
6387 272
5714 9217
7731 4318
9858 3411
4717 7712
7111 6956
1311 1126
9950 734
4774 3275
1589 8865
4448 1492
1756 428
1316 8289
4645 5240
9884 2870
630 855
8016 7908
4794 1849
5256 8743
8613 8995
7344 924
1960 8852
4517 7407
3045 5195
3107 8599
5269 9470
4127 6636
6859 331
6077 7599
2725 1908
6018 5807
7695 5673
6202 2796
2281 292
1963 4662
8268 9753
8633 1995
5252 3915
9008 8728
3694 6417
5358 5733
4236 6908
9361 1646
5192 9527
6467 568
9216 9537
6631 3237
9111 201
7749 193
3876 7009
7877 8995
1003 4967
6427 6486
6517 926
6639 9963
3219 9719
8243 5355
2713 5
6717 9088
3618 4108
7362 3300
5024 6630
5290 1743
5688 9996
4593 2065
7291 5446
4570 2032
6955 4013
9324 3819
733 9931
3389 6545
5572 8519
5032 814
4854 940
2787 2046
8423 9027
7625 1360
3307 5312
989 9329
1694 9824
3490 5746
454 293
7535 5066
2884 3989
3742 3260
5481 1038
1181 9745
9818 1351
2952 9895
9664 1629
5912 3420
1662 4296
3085 1138
5892 9002
7389 9182
6918 4902
1471 5203
866 4798
9276 62
2207 8045
5820 3140
190 1088
2863 8961
5850 8899
344 3864
2175 9900
1199 1326
8495 9066
510 6314
1753 2456
2145 9578
5428 6387
8520 1829
6992 2716
617 2317
1622 249
1615 9009
6849 5082
3471 7326
6150 7078
6688 2821
4080 4148
4066 4568
3399 4061
5585 5911
8585 5290
2992 7167
659 2321
7408 5973
7815 7750
594 9975
9037 5285
6082 49
88 1090
5079 7891
3536 4264
5034 9287
9656 9371
3870 3471
9911 7184
1731 1487
1554 5008
2558 4580
1059 762
842 2506
107 5050
8187 4932
6234 5875
8834 9877
620 4724
2325 4161
8029 4319
4548 6404
8712 518
3076 7340
5822 6592
4588 1220
3983 41
2199 2526
5672 9491
7142 6195
4601 9043
3853 2270
9103 1743
2514 7169
2870 3894
6109 3418
50 2940
9152 193
2111 6587
7497 2370
9658 4638
7582 4830
1220 3687
2090 7590
9832 813
2048 2521
6960 6819
9206 4892
988 8348
4560 3076
6718 2582
4478 6602
6114 403
4443 5122
4799 645
7940 8487
6772 7601
8923 8151
2293 8438
2354 98
6287 4169
2283 7797
457 2664
391 7262
5647 7705
8865 9858
8549 9451
5090 4064
2098 6561
1178 7284
9384 9767
3986 6867
8877 6810
2272 3179
1928 1530
4895 6712
7903 733
134 6690
6113 2134
9164 7252
1689 1137
270 490
3540 4141
3677 7138
664 6457
6124 3860
5732 4143
6812 3987
6584 5051
7437 5941
2635 4341
5959 6887
913 1972
4702 8999
7222 2009
840 6660
9069 4571
2446 7971
9687 5289
3736 4564
4362 6905
4486 4068
6819 5812
3918 1654
1393 7221
8856 9237
4718 2247
6012 6460
4541 7890
6159 4860
6909 5040
3903 6171
4038 7810
7886 8746
433 777
9584 1060
7816 7991
9056 5285
8238 9153
4024 3507
8163 6709
5777 6155
6067 108
7579 7272
5222 1458
9083 6857
6813 4393
724 3430
8962 4959
5950 5710
5345 7115
9768 9216
8455 5677
3512 1178
975 304
6460 7285
8959 5330
8805 674
2010 5551
4641 7882
8769 6265
8442 9887
3145 6554
8172 1717
4349 8866
4136 6959
4158 5872
5407 7910
6426 3687
8725 2014
5898 4222
8055 916
9630 3919
7310 8435
5546 2579
9023 7861
650 4728
6666 5577
8367 7030
5924 9224
3725 2764
7559 7577
2197 86
9463 2053
2869 714
1370 6132
3386 3614
7384 5083
912 9426
2720 8151
3156 4910
7406 2202
5190 5139
5704 4370
3798 2274
1567 2912
7535 898
1021 1762
5055 8026
6843 6281
7538 4602
6483 4251
3696 7200
4398 92
1742 7663
9330 4472
7060 3982
4926 9297
6575 4081
8032 4440
6610 7302
9582 1590
9858 1782
2349 6040
5042 1795
4649 7565
5647 8083
843 1947
7701 1817
6578 2608
4191 943
5198 9379
4014 3446
6066 4205
399 4772
2314 5644
5502 1258
1885 1417
3963 1174
4309 7626
7304 6498
4036 7025
2903 4455
3071 1763
6010 2245
6667 6149
6619 6110
4258 843
5786 1241
3041 8024
7971 9297
5881 5558
1905 6248
2768 6124
590 4318
8991 8149
1954 9742
2972 5976
3312 1231
6805 7110
5848 5560
766 5650
1832 4873
5899 8073
7456 3059
344 864
4220 3573
4009 5377
5894 4340
7814 5167
6021 2286
3612 7017
3400 2313
8906 4777
9684 230
713 4047
5558 6411
8455 3727
9234 7825
4794 1023
6999 9322
2609 7127
6070 9104
910 4422
3946 1770
8017 4374
500 9350
9754 5216
7861 8519
1936 453
1151 1202
3503 8614
3238 9049
3874 7280
9989 1781
1651 5687
4820 3676
8846 6773
8335 3178
5233 5137
8422 471
8290 3270
5940 5649
7569 4323
3422 4373
7642 4043
738 9202
9894 4353
8826 4740
6552 7401
9250 2759
4054 7501
5885 476
5296 2703
3678 4459
8632 6554
7041 5139
993 3485
8491 9824
6714 1766
5040 5941
1155 5891
7977 4175
8731 5108
3924 9748
6477 7907
888 3845
857 4806
1873 8933
7508 5549
4813 3337
421 3489
7674 9979
1530 1300
8188 5193
3813 5694
6280 1533
5965 3356
3807 9271
4086 4393
3248 3826
9540 4472
1912 8871
2784 4941
8716 926
1858 2534
2169 5223
860 1022
3699 2537
5090 4275
1908 6904
2673 6907
475 1447
9841 5617
7083 8081
9325 11
4315 7781
2197 9532
6502 3809
2756 1283
3281 7122
8755 1232
9691 3671
2562 2616
4974 6717
1402 6297
9378 3674
8759 9775
8216 4278
4631 5495
4408 2336
262 8949
8700 3642
9911 1660
4045 963
7967 9414
8973 9613
3558 6359
9012 8751
9718 3297
8307 4164
7787 7388
3163 3781
2205 3515
6055 8468
9488 2992
4280 4648
3795 1001
5836 5413
8630 2442
2575 2993
8278 7082
3492 4530
4749 534
6893 818
2466 5197
5011 6922
8125 1211
1262 1417
2880 5742
4911 4986
682 5213
6334 2778
9825 1116
1231 3130
3625 6888
4582 5178
3263 7565
9035 8121
1631 3086
5807 1552
3699 3880
6511 6907
4553 9842
9635 4630
1553 678
6917 3843
7492 6923
841 1132
4706 6994
7930 3496
2471 4512
7166 554
1309 2981
8804 9490
2978 2778
4195 5238
7161 4556
3786 1168
6792 3793
8286 5491
9591 5499
4179 5804
1654 8914
3856 1547
3395 3030
2074 4102
8279 3867
3842 2621
7836 7851
1349 3747
4270 2945
1492 3386
4140 4574
5810 9557
2619 6882
3080 2493
5682 2856
1116 2293
4002 120
8017 5888
8371 4668
4199 1190
9560 8581
6479 3845
4010 4212
375 7736
8770 3427
3742 6142
956 6583
9813 2150
5988 3667
8164 2841
9678 7549
7696 121
5042 4926
9200 2331
4144 9711
6557 4399
6167 4966
8064 9251
3398 1832
9886 2766
2382 3241
4428 9906
3637 7801
852 6407
7419 1229
3672 5640
2385 3326
8400 6200
1093 1361
9023 3053
7439 6906
2751 8598
7716 629
1491 2631
7243 5957
2228 6350
8253 4823
8057 6428
9876 6930
8544 4279
8065 50
3320 9765
2743 7210
6454 5012
8684 9799
6097 907
8370 5934
7949 8333
5699 4107
1758 3213
9028 8175
863 7824
4272 9185
4630 744
3925 8678
1927 4832
8510 5375
1024 863
5355 6248
9887 9091
3173 3877
2944 5950
5399 1114
3164 1499
2032 7510
8821 3190
2958 2383
7923 5526
5719 8201
4125 9701
4840 9063
1881 4091
6603 8339
2577 5995
473 6796
2619 2224
1984 7761
6007 4785
6069 5733
9484 6596
2836 5821
9162 1137
9412 7107
85 9583
8493 4018
9808 7087
6925 9491
3282 2453
6718 4896
2544 4761
3218 5319
7184 1543
7602 8942
6317 5533
2005 1888
2374 2942
4663 7421
6355 6604
1235 2204
2533 9834
1222 3386
7451 3586
6436 8718
9374 1453
9750 4358
8653 5396
3325 9891
6632 8163
2498 7866
7039 8272
6028 1695
4065 2105
9279 8032
8787 3991
6928 9616
8044 8469
8498 3015
50 4741
623 1218
5031 9572
3311 1740
8369 4375
4219 3664
6200 3093
4465 8372
8202 3953
4708 2368
9341 8730
1343 4144
3395 2248
3462 301
8408 7804
1671 8984
4693 2569
2683 9235
4817 7929
8866 4298
1150 9159
5236 9590
9791 6148
8044 369
8742 8986
5632 4542
3320 9352
6809 202
1290 2716
4050 8403
5560 2435
1850 3583
6964 8106
9910 6900
3324 6404
8376 3665
5187 1698
1903 9338
9555 8770
9378 4675
5177 9279
5899 5193
4939 9088
8247 6230
4000 1939
2031 8938
1943 5154
5748 4213
5363 2903
9423 5807
1969 1948
7145 9221
3090 8400
1283 1393
9744 8744
1256 7667
9011 4991
6258 1508
3797 7280
2735 9616
5035 7321
5541 8619
9023 3250
9038 4483
7955 2065
1843 1103
5794 4587
5369 2852
5242 5339
8015 6557
2828 979
2660 7349
1117 2840
4055 8841
7191 8577
2607 3772
3064 1841
8546 3005
8672 4428
8089 3320
8640 5164
5622 6462
6138 2894
2066 6078
9088 5600
9892 3688
3254 9884
3915 1945
6957 8681
3137 1158
5472 187
8704 7267
8239 3253
6545 3535
1047 2304
7106 8610
2101 5747
9921 126
4768 1268
3027 4688
1338 2280
1685 9624
4694 2994
3303 724
6112 9309
3990 2427
5693 9931
418 1864
8477 7815
755 9249
4196 3966
8899 2871
7520 6029
9909 1526
5867 694
9018 3674
7413 2647
2945 3577
8918 2014
4798 6543
1826 4231
7315 453
1180 8537
6428 4945
4900 2646
3906 3933
3554 5286
5771 3696
9183 8108
4154 9575
6669 4355
5112 987
3672 2753
4906 2487
9288 4479
1561 6537
9980 6869
7979 4456
6294 8152
1719 7628
2695 74
6455 8553
5719 3394
9282 8271
4691 1045
2049 6744
9262 9531
947 6278
4712 1292
4590 6733
5539 7028
8458 4345
1056 1591
8850 9538
7950 7636
5370 5553
9164 104
9838 6644
5202 6971
638 564
5914 1231
9115 2431
9392 7207
9087 2975
6043 1559
8219 5064
9570 3164
4514 3542
3574 1809
392 2661
7574 3084
7287 9061
1411 6258
2056 9815
2066 7226
6998 1325
1048 6034
7605 8267
2744 4134
564 5814
2416 2396
3312 8425
6043 8497
6879 9852
2719 4435
463 5212
3893 5325
7965 8229
887 9610
9452 9531
1922 5556
6104 688
2365 2692
7187 1100
9702 1853
1645 8580
4973 7379
95 7523
1213 9308
7913 9785
6800 1097
3854 959
8905 9116
2281 2279
581 9639
7456 2131
3263 5998
7443 4066
8779 5421
7114 6906
9098 4941
7434 4194
2853 514
4278 386
6699 8296
6835 1372
5032 7763
1266 8889
3538 5666
103 6276
9039 1926
5610 267
3111 1195
6018 9289
9639 3281
2515 8141
6407 5840
8881 4267
2934 3752
361 9027
8192 7516
6720 1981
7653 3871
8632 1658
3092 5124
539 8535
4282 3338
1724 2649
789 8085
996 1881
6756 1226
7108 8343
6353 1082
1602 5364
5077 5451
7380 967
6781 3964
2776 4649
3358 8927
6866 7554
8669 2221
5870 1268
5482 7328
9379 5913
290 4472
514 4933
9629 6555
2945 4194
867 4482
2487 4120
8106 2239
1844 9714
21 6956
2339 3024
4460 1662
9192 674
4558 1358
749 8514
355 5630
7136 5674
9227 8303
8333 5349
8717 3838
5994 5350
556 318
7964 3290
745 14
5964 8977
16 7582
1888 6653
3717 6754
4012 326
6952 816
3933 6760
1582 8403
4050 1653
1513 6886
7960 2201
7042 1796
9589 3918
6030 6892
9019 2532
8449 3204
4026 1305
2928 3211
5768 2557
2226 6751
5773 599
1956 3777
4665 7957
4554 228
2665 5707
6432 7836
8968 7739
8003 5083
1614 1135
7717 5536
2309 7308
2974 7580
7623 2074
9814 9129
1698 4716
4513 9039
9491 2191
8936 587
4225 8963
4117 5905
6639 915
8125 8989
3278 4545
2801 9404
9724 9698
4739 2643
9823 3469
9035 9063
4638 6205
4074 6877
7839 1285
6465 6557
6774 4389
8653 1867
3652 9837
8766 4213
3900 118
6174 7805
8728 2654
9453 1569
763 6163
541 87
2908 9224
6924 2702
445 9679
6414 2200
9932 9971
6002 7488
7911 9049
9789 1774
5356 2019
6805 6599
4378 459
4406 5028
101 8510
396 7467
791 5177
8225 7901
4017 824
26 9953
329 4239
7058 994
1310 19
5186 5306
6362 7226
6177 1793
9035 982
5926 9752
5423 7170
3772 8955
9669 9006
5423 8394
8553 2706
4409 4986
6113 8937
4455 5830
1955 8702
5174 6289
3057 8360
813 5998
6882 1499
3729 8913
1014 4163
5810 1827
274 3959
5842 9960
6583 8164
1259 6132
8104 6246
9469 795
4622 9985
9788 4078
6147 6712
8994 8419
4237 7512
9451 5284
3554 509
8228 2063
21 9702
6043 1238
6002 7907
9034 6219
300 4868
8226 6242
279 1844
9160 2310
6442 8977
9300 6457
7621 7097
5416 8412
9702 9433
3740 4250
1132 33
3855 2940
4286 8957
1548 3484
4190 3144
5434 5052
6820 2902
6528 3050
3488 8516
3629 5304
5521 5346
7399 1551
6308 358
9695 1321
6848 1228
8102 1819
1667 7237
4161 5245
2439 5122
8013 6891
2477 5968
8260 154
7846 1298
8425 7281
5429 4300
8180 7776
8704 4207
9557 4181
3797 573
3274 6739
7202 5573
6103 5771
869 49
4662 2972
2613 160
2486 9334
8686 9861
1470 6087
7530 5330
4320 1948
1171 4045
1163 8438
1746 2728
3744 1620
4300 4734
9959 1386
7212 9851
4248 5495
6997 4590
5624 2294
1846 8858
7442 1845
4734 2746
3210 6541
5415 5647
7830 5556
5525 5349
9991 7193
1657 9551
2339 2652
5313 5511
2084 6608
8904 8096
9132 1839
4056 7908
7406 4586
7686 5547
4008 6208
8556 8050
5954 5276
2668 4716
4774 2557
2151 6848
3126 7227
2926 8688
68 2941
2255 139
3643 5373
5656 606
5607 3171
4756 5602
8290 1327
5366 3240
7412 6287
2260 2877
1583 579
633 8955
3285 1930
3182 3237
1208 9495
9484 7282
1539 2046
9221 6403
3326 4622
7451 8717
5822 4911
7391 6249
6630 2106
808 8304
7285 7468
2400 3094
8355 4190
1161 1588
569 2532
7462 4605
1700 8242
4375 6383
1849 3085
7483 484
6165 1338
6375 572
271 9177
62 6444
644 4190
8726 3419
6396 7321
6211 624
6212 8948
1879 7287
2454 9901
3338 2805
152 1568
6559 7130
2521 4636
4904 6850
2292 8882
2791 750
1230 2102
7559 224
7473 8550
5711 8815
9067 2032
2915 8110
8762 4462
8828 7566
2511 4186
5580 895
6719 7000
6484 8461
5809 8066
56 4603
2271 4511
7895 9670
2454 3563
3123 1058
758 8730
8621 3840
6339 8527
9852 7537
6908 1780
3652 7836
6257 3506
9348 4293
4798 4199
214 1777
2634 979
5016 9028
8726 3038
7758 8935
7934 6167
943 8944
7131 3621
9185 5170
4011 1525
4063 3841
2775 6829
1188 7574
4272 6538
1765 5982
8276 2233
8199 4469
8233 7123
8427 1403
878 3764
5774 2801
3774 3413
3581 3481
3769 1352
5491 4760
4483 6754
8497 4453
6659 4915
5477 189
5659 737
5018 8110
7575 2525
9433 9891
5171 2363
4864 3786
8433 2713
7909 3112
9196 1902
4472 7852
8664 5916
6276 4381
317 6451
5470 4792
5271 7321
6096 8864
8576 2503
7788 8767
657 6259
9716 7706
2961 9060
7170 4464
6222 9353
2699 1219
2003 2705
717 5046
1143 1872
2970 8663
3731 9218
7785 9546
4848 51
9938 4499
4525 9573
1945 1226
7635 7554
3788 2362
5566 3359
5855 6119
7489 7179
559 2170
5959 7476
7024 2004
57 2851
3869 5929
1048 8568
3334 1394
2874 1850
7078 1908
2733 8775
4796 5787
4025 1530
1463 9546
3534 2204
6426 3318
6070 6957
2580 2363
819 7323
6426 2430
7706 2794
5668 4085
9544 5852
6858 6077
7604 9873
4614 5113
29 919
9785 9091
5240 1530
925 1734
8522 8366
8667 6557
6787 4779
2950 4308
6777 5532
7236 3947
8638 4699
5193 8462
3846 4237
1294 5236
8947 1661
8180 9555
9308 1572
9340 5451
1203 7882
7718 823
7943 4664
3696 936
3016 2036
9722 4010
7087 4711
5461 7399
2215 5302
3762 4507
9 5983
45 3660
8382 7868
9419 8357
13 9727
7284 3132
9899 9759
1663 6830
7081 4648
4374 9676
4131 6368
9272 8440
3145 5499
1395 2533
2128 6256
1256 1357
7723 495
419 8165
4600 9328
4217 9735
4681 3935
9654 7433
7344 7416
5751 2174
1803 6721
7783 3811
3170 3848
8231 5312
66 805
486 4573
5386 333
4842 4520
9124 599
3931 5854
8339 7328
8850 4963
8278 2265
1348 8216
4363 7745
8745 4397
4784 1454
7252 9869
590 2197
2659 7448
3933 1350
1642 4968
149 2472
971 3787
7061 2483
2924 4614
5083 9537
447 8816
8905 9911
4099 908
7804 500
1674 8390
6791 4214
9761 873
1628 2250
2983 8935
6290 6119
1030 2900
8204 4366
7683 8688
3890 1588
1667 4938
9201 4906
8974 3223
5855 269
5322 7062
9153 6352
486 3133
6623 9317
6131 2352
6022 8173
8132 1916
533 6536
5881 319
5428 321
5228 1851
9090 7535
8112 77
4752 201
3185 2860
846 6036
6403 1543
93 7936
2069 4010
8230 6994
1911 3918
7432 7379
4244 3369
4362 5585
9154 5235
4226 2321
9888 4009
4275 6828
1899 519
3519 129
8733 9760
1924 6966
2835 3292
7754 2900
8733 1921
9591 9942
3929 5232
3641 7247
4064 3112
5714 7647
6154 8137
7279 862
3000 2264
4146 2524
4035 8169
5224 8164
2281 1577
7160 3651
1113 4877
5290 9829
3786 5041
6370 4645
7781 6424
9841 1165
4546 4915
9898 3060
5338 7016
9468 8701
6217 1156
3703 6239
6992 2743
4641 5874
415 9239
7436 7695
7359 4647
2255 9590
9231 5828
907 6943
739 1261
4828 2519
5211 8970
5126 9921
3316 6457
2747 8341
6986 1027
9849 5968
8724 6604
8720 2978
58 2574
1312 6216
7337 4990
8189 9765
351 5592
7274 2580
3508 3532
3246 5092
9884 9909
8874 7122
212 3424
7186 1594
4581 7828
7542 500
2813 713
9302 5942
9327 5546
5570 9874
6196 4148
1167 9879
672 9968
9324 3321
1897 9795
7933 7051
1022 237
1638 3510
4755 8066
4750 7959
2477 1148
5823 5751
2889 7723
1580 5753
569 4336
5019 2138
9030 2115
1857 9580
5568 6124
7172 3920
9095 2184
4393 5212
2831 3562
7709 1076
45 4732
3863 8118
179 8490
9362 4466
3267 7472
6831 604
7104 4956
2705 9589
9957 3951
9995 9917
4716 8850
6553 3196
8485 5634
2315 9913
8823 3255
6355 1459
3906 9218
4027 2361
1049 9164
6447 7699
3888 5886
2867 4428
2018 5585
5608 1007
7888 6398
926 2623
5463 7067
864 2856
5994 7773
8260 8855
2789 9815
3807 118
9402 7692
495 9976
8623 6080
9635 9609
4940 1420
6467 6717
5894 1341
9626 1130
8050 7377
9705 8106
7499 3409
4564 9679
3833 4883
2538 7017
8272 2639
6717 3087
6884 4039
7087 1690
3818 1173
6936 2292
8282 8729
1143 9359
7046 7219
8936 984
4856 3435
1543 1953
1271 3221
1283 2447
3512 5252
2594 8085
3134 32
2443 6829
6389 3092
698 2894
6730 1690
9810 745
3635 2875
1436 1217
4891 1441
8512 5747
9244 2651
1249 5587
4087 6872
1134 3654
7890 9267
3417 4658
633 8008
2587 7076
1282 5800
9209 5114
4922 8964
1835 5651
1363 2479
8455 5141
9015 2366
6816 31
4582 2422
7099 6085
424 8662
5762 398
401 7857
7168 8224
466 392
6202 7252
6334 6419
1551 1884
7084 1553
210 1397
6754 6696
5915 7636
2029 5463
5058 2940
6899 9813
1556 8427
4939 9248
1263 5113
2000 4313
621 9524
2779 5558
778 6357
199 9133
8807 8764
8217 7622
7705 1030
1837 8834
9765 5370
5960 1718
8576 2772
9481 3251
7684 5817
5304 774
6627 4051
4446 9765
3959 8674
9128 4260
9406 5789
6002 4081
7497 2149
8913 8033
7240 9361
88 589
1031 8957
4901 3145
7552 7893
8947 8077
5759 2160
2104 6320
5614 9154
5577 6820
5722 1479
3429 6567
1361 6006
5028 2666
2575 4781
9389 6896
525 9275
2511 2024
1940 2914
590 5714
2459 7424
4259 2402
1759 6095
9872 4758
1462 7195
3807 5134
842 9320
5405 8816
5662 5929
1072 5435
4249 8075
8542 6799
7923 3
2700 2072
871 6567
933 6726
5554 9672
2798 7957
8394 6319
9627 9542
1321 4821
9204 2479
5346 7881
5259 36
2520 4179
9197 692
9558 4658
8816 6256
2673 1567
9414 9675
8012 1528
1550 5992
6255 6793
801 7093
1223 4186
8752 3144
8730 810
8293 8564
9104 4247
455 6714
5292 9145
638 4719
2023 9531
4474 662
1102 248
2830 4506
3877 1447
9571 2511
5754 7511
830 7564
5089 6731
3208 5190
6014 1825
8397 562
6673 8403
1245 1437
762 9129
1879 1490
8300 4683
2027 7766
7623 1138
8383 5040
3300 2939
8785 605
412 4700
5322 8135
4771 8241
7525 443
6331 4580
1368 6859
5844 6326
5529 5688
2830 2611
3742 6875
9529 1787
453 6022
3733 1182
7151 9012
4342 3696
5511 2146
7448 8601
5315 8200
1349 563
5067 6996
2311 6800
6479 850
6729 8422
9880 2329
1869 3686
1109 1308
4398 5939
2888 864
1119 3337
1224 5877
7508 7761
5770 9623
6591 4860
8881 1676
2508 9429
7389 2474
8081 7569
9810 8763
1053 2090
6351 9428
4676 6222
6558 792
5514 5816
9483 6026
9770 8346
176 5884
6460 1552
8071 9147
4273 6850
8265 9398
5559 5245
6661 10
4795 7785
4319 5979
1991 7936
7983 2979
6177 6518
6490 9663
1512 251
2822 3579
8892 7396
6904 4781
3257 9730
649 3158
7888 2635
4960 8686
9406 5785
1054 411
4860 6091
8206 2358
9759 1122
9842 611
7758 5156
4948 3954
5831 5144
7172 7383
1050 9785
8232 41
2144 557
5967 6286
1417 9964
3168 8401
4539 8686
8881 9827
8629 3925
9849 8267
1050 5666
7764 2962
6087 7082
6447 269
5562 5123
1823 3572
3715 5959
2114 6591
3087 4227
7759 3196
2216 9986
660 8889
5440 4676
7805 1039
1723 9568
6139 494
3116 6144
1847 6100
6616 7969
2158 5630
1848 6465
990 7604
3088 2161
3116 1883
7954 7591
687 4431
4136 5296
3411 5946
1931 9765
4598 9257
9941 313
6350 4690
6092 8002
4934 1977
1357 2023
2253 555
1816 2926
5585 5204
6456 6911
3486 5471
6225 3195
2283 7297
3699 3219
1674 4090
8412 6047
347 7392
2290 340
5088 468
2157 2600
1935 4742
125 2984
7549 8970
3551 8105
3925 7420
1864 1802
7152 5536
9794 7186
6620 8316
524 3302
3255 6344
3641 6285
1041 995
7030 4737
4179 9696
5914 6334
3600 1044
5846 7225
7934 9367
64 3882
6420 4466
8041 5785
9913 788
81 24
7595 1283
4923 1526
8593 3960
3264 6532
5275 2916
3983 475
1749 5717
7219 2730
8776 8966
9018 8986
2219 4991
4039 3599
6241 2142
723 7369
8353 1051
5564 4921
9240 4092
7304 3079
7167 5749
7325 6756
266 1532
4527 9211
7198 6234
7980 5443
4152 886
7945 6948
1785 4912
7995 9489
3572 7921
2607 7720
1976 540
744 7286
2523 2447
4353 6389
5004 7851
1989 9057
7503 4805
5059 1864
6569 5793
7336 2323
9075 4998
6250 8082
8914 9847
2689 6063
7919 365
6144 3212
501 8226
2043 6432
8977 7899
4537 5332
7360 1039
684 7555
7046 6262
4585 5326
8059 5851
2471 6422
6587 3082
7177 201
3629 1286
5101 8905
8330 4298
1836 4826
2503 8678
6875 7652
4680 5249
2476 4320
7170 7199
9577 9088
5935 9032
430 3696
7998 6901
9418 1414
8221 3284
4018 4918
7956 3102
4716 1210
7592 5542
3888 7247
592 5719
3313 5919
9408 3300
8325 9273
1569 2191
222 3503
7936 662
545 3565
2353 4864
888 6344
3711 8698
7901 8930
7343 1155
2887 8619
9652 8408
1136 3220
3878 3001
4692 2506
6271 8613
6422 2482
4093 9405
2181 2934
8411 2035
4137 1070
3709 4544
9686 7493
6244 2889
6866 8308
6876 4805
7472 1964
3562 8947
4357 7146
1769 4183
1632 3955
6534 152
9269 7369
3445 2340
8771 2493
6017 7737
8382 9878
8535 23
9628 7587
1502 6648
6269 5784
3494 7060
7348 9564
3067 7843
1352 8917
3212 6249
787 1976
5051 7783
6182 9319
2562 9278
7336 2650
9895 7922
1357 4521
4592 1184
9770 3668
9527 8615
8926 8347
8023 9949
2193 1393
9919 3163
1779 835
3369 7169
4587 246
6824 9147
4255 3306
4284 9054
3524 7870
4835 9379
4415 5507
5611 9238
2739 9506
67 2318
4846 3196
9998 2536
2511 4764
7157 2595
1235 5380
7719 1775
7163 1901
5850 7847
7325 6279
9452 8085
6579 5148
5529 556
4191 366
9722 4111
9943 392
5437 5542
6140 9920
7697 9076
5431 9308
9844 897
5105 5109
8918 3990
4726 2394
7201 9565
2983 3905
7785 8791
6600 2530
598 5716
4214 9559
4867 719
9459 7683
2514 9796
2182 6337
8313 3994
59 415
1589 2406
7560 4493
2267 8248
1057 5574
2120 5549
3696 8227
9625 6749
1839 1609
7847 1712
4048 8166
9086 3780
9864 9874
2312 6479
5254 1362
7350 2745
2994 1206
8927 8674
3188 7077
6689 1071
387 8588
3088 9180
7129 8321
9697 8659
5650 8528
5398 1414
2953 9625
9570 8751
9958 8502
2448 5196
1480 6801
5795 5636
8877 2680
4025 3814
1006 2428
748 3460
1196 2137
2488 572
3218 9398
352 6678
1778 4845
5573 6631
6481 1659
8506 5305
2056 487
9761 1794
7136 318
566 2319
5997 3213
1577 2462
207 2206
5242 9709
1686 7164
1322 2378
2942 4025
1830 312
3133 1634
9594 5418
8349 7529
8305 8431
6797 726
4105 6613
9177 2901
1120 4993
708 4899
7146 3238
9143 6731
3735 2928
258 4113
9184 5176
2375 4576
2430 4126
7031 9767
9103 8738
1173 7290
8035 8826
5254 6694
1702 4117
4486 9012
6422 3390
6042 9118
7677 4378
6116 8088
1368 7703
2944 1720
9967 4810
7629 489
671 4079
2499 7144
2069 4100
3905 3201
8328 1999
6756 9882
6646 9850
9639 4454
5938 7413
7382 5667
2856 1056
2701 9556
1852 5492
6135 456
848 4140
1982 8790
383 8376
9225 5574
5019 7122
5444 1556
2708 2378
8298 7131
4292 6435
430 5637
5192 2628
585 9992
3300 2602
8523 7902
2403 453
15 9703
8793 8375
907 9142
4111 327
6553 1112
2963 9252
7774 2352
6499 38
7840 1497
1132 2138
7280 3297
9532 1314
9167 6973
2075 9663
7981 809
1584 3570
2619 8715
5377 1605
9573 3204
8133 8346
3749 6437
12 82
1828 2716
9963 4213
6007 1321
9662 834
3149 2451
2955 1035
8845 8535
2997 4358
1088 9011
2814 5564
9143 5538
5525 2435
5870 7485
9046 334
7120 9582
1654 1454
6626 4092
7636 9100
8600 9755
1953 8106
6769 6240
8857 8357
3196 6206
6576 5059
9181 8622
3431 3711
2958 5244
7317 2858
443 1316
9619 520
79 815
5359 7513
1726 3169
2544 3158
5096 5576
3833 627
7821 4035
5448 4329
6027 9190
7113 551
4806 9682
99 4769
7045 5208
2741 90
1029 4908
8168 3858
7198 7065
7432 6314
1736 6179
2042 8236
8951 9290
4520 4105
7004 5995
1041 445
8407 7514
8240 5921
2755 2114
540 1218
3829 6786
2448 4189
2683 1852
8244 1531
8626 4650
4482 6087
3164 3893
8721 5845
292 9658
925 2529
8841 90
8224 1841
9690 6150
8475 5774
6184 3905
1955 2497
4522 4681
7136 7387
949 568
754 4810
4448 7208
9232 5330
6999 5916
2041 5985
7226 7876
8622 7816
6205 2962
1104 3153
5531 1653
7324 8691
8025 7776
4935 8118
3022 7306
3414 7920
1921 2460
7217 4667
4459 5401
354 5411
7123 8827
9866 1090
7991 713
7291 2229
4363 9888
2477 9723
9384 9600
2853 6471
7637 6583
9954 760
4319 9611
8495 6979
8394 9244
6130 6155
5874 3433
2739 4986
6772 5504
8111 1919
6931 3181
6719 5073
4840 6702
2947 9907
5299 5331
756 5430
925 7954
7773 3298
9171 1613
3479 4567
1492 1650
6506 9673
9255 5317
6734 13
8694 1633
8886 1803
961 1658
3446 461
745 9313
9494 7396
3567 3143
2903 6083
6044 6187
8418 3451
5711 7479
5707 8911
2664 8606
3807 4068
1135 2648
7415 619
424 6872
8729 1107
8107 270
6226 5637
2749 8680
3788 6969
4781 844
7856 9495
5452 5869
7532 4777
8272 3463
2242 9978
459 2949
5572 4935
3247 5833
663 5906
5516 6576
5346 861
1238 5188
9931 3620
9188 3635
3478 7915
7341 1214
7798 2115
8825 7005
9254 9295
26 9698
7453 6225
7803 3768
2366 2756
3453 8240
8251 711
5447 7206
7428 4830
552 5630
8356 7304
8136 3828
128 6348
3484 9355
1775 9258
2884 4294
3247 9306
264 7647
3420 2667
3792 229
9010 5407
6503 1883
6056 9425
627 1461
9487 8648
405 8378
1845 5664
3842 742
8249 4526
4520 2129
8481 669
4796 9259
4646 8730
9440 2024
176 6790
9414 1415
8641 5599
6221 1430
6156 6199
7676 5685
8252 4315
3628 9793
8114 2467
5023 1707
5434 8680
248 3905
7648 6027
2855 1378
9601 4478
5430 8595
7990 9396
8116 9702
1380 7183
2536 3751
761 3072
7616 1591
9880 9413
765 2524
1603 7609
3451 6648
6002 2345
7993 2629
5711 4264
1074 1464
3379 1574
3689 2665
6230 4757
9439 2222
6535 4
5625 1675
9933 7696
3606 8298
487 7202
7400 633
6244 5494
766 7691
8898 4813
7638 7090
7983 7719
7549 7524
7860 4959
8609 9481
5086 2487
626 9907
5198 7686
1399 262
4898 1461
1391 9141
4823 914
1482 9808
3623 7063
392 8676
7524 7512
4898 8188
4002 3756
7779 5906
8101 1454
2662 8984
3436 7117
5976 9423
5462 1292
1980 9316
7994 1992
6098 8841
9452 1998
626 7889
330 1674
2858 4455
3950 3711
207 7020
2731 2124
7350 5087
7057 998
3049 3132
1396 9560
363 2503
8506 3862
1643 8061
927 1453
5444 8020
7738 2651
1142 9063
570 3955
5017 468
6890 9624
4287 2398
4525 3092
1912 8016
4285 3159
225 9664
9680 6550
6997 1642
2018 6207
2507 3325
6609 1302
2179 7657
8036 1815
7734 7888
2968 8463
2899 8005
8964 1460
4409 1249
7288 7476
6873 2810
3257 5458
4521 70
6244 3153
7309 1813
3547 4722
9891 6761
7996 8065
5620 9333
2868 79
5772 906
7108 5237
4230 8318
8003 8541
7867 1921
1683 1851
2948 3165
5656 3195
7103 5809
7758 3921
4686 9761
4958 7238
7104 9462
2725 6983
6868 6700
9509 7603
6988 2461
6862 8914
5768 4540
8251 8396
457 2761
3581 9952
1218 8699
8634 4204
8080 3151
2093 4694
1978 6062
5651 1349
8679 8922
7535 6725
6633 5772
3335 6400
5423 294
4828 9779
5482 2015
6053 485
8319 3649
1750 7116
3253 2014
4056 6471
5212 4235
4045 7425
7746 9492
519 5936
8561 6458
7299 8385
5401 5908
7728 4006
5062 9603
3158 9709
8726 9857
7368 6393
7509 1513
935 2507
3105 7071
8204 2304
3128 4319
5462 6444
4082 9720
2398 1695
7501 580
4754 5139
7445 762
4805 6499
1521 8635
1985 9903
1085 5688
8383 8916
9385 5831
6216 7902
8699 1316
7720 8965
307 1181
6687 1450
8831 7361
8725 1686
2054 1590
7330 2245
2786 4496
1746 1335
3025 5979
8628 6032
3223 2637
1190 2390
6959 9367
2186 1859
3825 2096
4894 2273
7828 2086
8347 9256
8793 1271
5523 6194
3093 7160
8506 6590
6213 950
6380 6456
9970 4270
9289 1990
237 6137
5076 8319
6649 7271
6541 2323
1697 7645
564 6094
1997 8467
241 9496
2225 8995
7335 2042
3637 1165
3054 6271
8796 2070
1609 2884
766 7752
3285 4
9383 1182
5164 8769
7196 2761
7745 3786
6740 4982
4236 5222
5028 7916
7461 1530
9376 9775
7475 5652
1586 6378
7482 465
407 7985
1707 3468
1911 2845
404 8184
2446 3855
6017 5008
4370 1947
1328 7699
599 575
415 1419
1017 2216
4824 9352
5010 5193
1240 4793
9828 5832
1116 2327
2019 2879
1046 6438
3634 9424
176 7018
5482 4707
5448 6894
4120 471
5536 8234
4644 8247
6709 8459
3344 4075
7239 8186
6376 3700
5218 5735
8292 2617
8165 5967
4984 2235
8994 6325
6429 101
6689 8917
890 1674
4403 2418
5585 5747
9162 5570
3541 2893
3987 8933
9720 3984
4635 1926
6405 6237
2175 7727
6238 5139
1562 111
7528 9901
557 9558
3690 9351
5239 3607
1035 3451
1774 5099
8665 645
63 3987
6337 1401
381 7391
9217 9752
210 6536
3170 4220
5499 1863
9519 6747
1461 7980
4612 4646
7106 4892
8734 8299
9675 5038
5584 4182
6502 4308
9700 5029
4640 2436
6698 2959
5440 917
201 9504
1253 5252
4651 6230
4518 7642
9207 8494
2806 7176
4866 6814
7796 3407
8602 1851
7718 5417
4097 7610
2233 4470
1350 9099
6307 9273
3552 4337
2823 6914
6892 6959
9988 6939
2597 7609
9412 5356
1696 4106
3542 8249
2894 3089
6908 3281
382 8262
1343 8083
9834 8882
2622 4502
4340 5554
4231 34
9128 1860
6487 7973
277 2976
9636 366
9556 3321
7110 935
7674 4704
7422 9414
2187 9595
8145 153
1853 4489
8437 4564
1020 3578
1702 679
3778 8149
5697 9045
3 2706
6466 6539
1185 5260
7271 3048
3416 4162
85 2676
8960 8294
2468 1668
920 9337
6355 4257
8388 1438
8955 1404
2323 8535
8947 9762
9532 7498
7862 76
8211 5251
6711 5463
199 6686
8267 9859
8401 1250
3637 6387
196 9338
8238 1701
2009 402
2038 478
1891 393
69 2040
2480 8668
8420 4268
9362 2094
2677 661
9274 3061
7640 4109
4453 2235
8998 7682
5102 8060
8392 9840
8375 4054
1409 3043
4840 3281
9770 5195
897 145
2321 8666
4654 8365
8222 3830
321 2910
4772 7977
4938 3239
8266 2439
8961 8843
1003 9914
4221 5609
2066 1364
6331 2863
8172 662
5776 4613
8981 7962
7837 2875
6510 8004
9713 1035
6422 1150
9889 6314
3299 4380
9755 1859
1722 8656
6569 5379
961 8119
9612 1890
4705 2514
3415 6867
5327 2085
1473 9275
1294 6913
7969 3630
3173 8354
396 1008
6665 8002
9022 8117
1700 8682
5261 2827
7379 1860
8256 1183
3415 1125
479 9303
124 7879
9135 9275
1613 5600
7752 8333
3413 3615
838 6397
1725 7808
3855 9502
8212 9697
7418 8682
8681 1982
7281 2744
44 8841
7868 2359
1667 1726
269 613
9875 3129
856 5496
8791 4718
6118 7136
6020 9468
9989 5529
1455 9014
5754 533
5661 5925
8395 1291
8102 8861
607 7493
8456 8872
1292 6212
6584 7316
5371 8370
6502 6884
8594 4053
7530 1715
8882 3504
1877 4188
6466 9705
5028 3212
9813 6254
8857 6901
1895 2057
9799 6986
8922 2080
5207 9100
1284 3280
6208 763
7687 5284
4420 4172
6522 890
1400 6042
6778 4588
1118 8316
5091 2542
6589 3640
1282 1995
7166 6746
2466 6321
5859 5964
9141 7940
7098 4449
5648 673
8120 2432
9025 7584
4741 8963
3130 4342
4572 8444
7391 3699
6031 976
9842 1918
4195 1438
4784 8951
9100 9367
905 3442
7968 6437
7825 6568
8269 9172
2607 7597
9308 4060
7804 5701
1299 2047
3237 5951
3396 3096
7809 51
3196 6836
8918 7375
8271 7241
1132 2540
518 3342
3210 4554
8544 8736
8487 8042
7403 2466
9564 9886
5370 6566
9169 8164
3914 1152
9622 3273
1189 3200
8093 3833
3378 3817
8306 9601
7939 4622
8397 1964
136 3590
8640 3564
3718 8697
9109 4613
7177 5398
2928 7191
8353 8918
7579 3868
5641 7029
8738 8280
9356 2984
2364 5638
9457 4623
6035 2637
8177 8056
1031 3486
5507 7516
7240 6500
900 5288
2310 4560
6370 6489
6827 1283
587 1952
4260 9130
849 776
7512 5950
7785 1199
6980 6077
2787 5862
9991 343
5187 139
5517 3192
2719 4749
5987 7025
9587 1259
8643 8073
9 3813
8828 3087
6230 7717
3330 3002
1639 7231
1380 3623
2387 7286
4642 7887
1133 5570
668 6646
6861 5234
5606 9960
9399 6457
6515 3545
3470 9700
1933 6535
3269 6731
4340 612
6455 3776
4015 2702
5525 9297
5402 7927
4987 2116
9243 3061
6807 2629
1378 4918
9149 2868
3880 9204
7090 8037
3484 8335
6924 5197
8172 4807
3158 9057
2403 2048
775 5039
9354 6157
8866 8019
3535 8983
1892 5854
4669 2187
384 8756
4227 4404
754 8213
2171 311
9105 2972
2923 3533
2753 3239
8803 9270
3493 2156
7076 6927
3075 6232
8712 8943
1623 6837
6464 6678
1262 4048
2849 1739
414 9066
5137 5080
4803 5390
1220 9905
6683 166
281 1012
481 3006
7865 9478
4277 7286
4117 1331
5209 3896
8434 8060
138 3172
5968 5133
9786 9174
9106 9587
5075 8063
6370 8928
5754 5178
5888 5624
5351 7712
7248 9054
8921 5394
9270 2379
3786 4051
6402 7921
8302 2468
9245 5175
8459 3595
6831 8662
3316 5874
5158 321
3365 7188
5756 6267
4211 4249
3418 1643
5601 8016
5337 2390
3540 9053
9034 8964
6723 6609
7069 6737
4635 7698
1443 7028
7061 185
5180 5991
2623 5067
1677 5671
7649 1090
8606 6023
8079 1503
7934 802
918 3718
2699 2277
5543 5960
9011 1050
3640 1452
8967 8541
6235 2693
1890 1440
8339 7435
5025 6257
534 5495
488 2819
9259 6427
6360 1212
2960 2146
3091 7858
1277 3164
4531 4933
9162 372
2462 8940
9341 9246
3685 3716
7445 8595
2301 1109
9892 3984
8688 6884
7998 8007
2173 7249
5911 249
9798 5712
3498 4005
9934 3330
9462 4981
5579 275
7352 2688
3092 7318
6386 6720
8451 7200
2738 11
6138 1314
8670 6730
8614 2847
9232 6077
635 8710
8165 7037
7197 6278
1706 8070
9851 5295
9577 7625
9345 3458
1639 7036
5125 7231
8159 3562
4823 2535
4543 3525
758 917
3495 8147
1674 3306
6329 1767
2687 6406
9040 5291
8167 2705
8238 1251
9923 4554
8065 7743
5940 1504
9685 9970
7593 8453
4766 771
9487 3192
4896 2209
5623 6438
9038 1371
227 9663
35 2843
4303 1341
4994 9466
8719 3469
8677 4463
8385 5796
1742 2014
485 2253
3614 7122
9226 7386
3887 6017
1779 8348
7312 8684
3302 8710
7796 1217
6151 2994
7864 6304
6428 1512
3230 7012
3037 7988
6297 1996
977 5626
3280 532
456 3666
2796 1852
3181 2596
2918 4180
1129 5413
5231 3810
7424 8066
8900 2710
538 8303
1314 1415
2975 200
1850 5588
7242 440
8913 2115
7711 4116
1546 6261
2566 6306
4838 5174
9046 29
5163 9565
1662 7812
6141 7156
735 17
3397 610
9737 7302
4022 9469
2705 6335
9600 9343
2221 2833
7918 4085
1934 677
9521 8445
6646 4918
5571 9649
5957 2857
3281 7581
7398 1457
9538 7413
3217 7042
6782 504
382 9656
7146 3377
826 3937
9157 7137
9 7145
5691 3102
4164 2970
3414 5920
5020 9875
7601 4390
4168 5274
1557 1327
6921 7374
9707 1593
3164 2665
1341 6261
3023 2718
7209 3609
96 8127
7731 610
6012 7070
7848 8578
7444 1184
9491 8620
624 7120
7432 6446
3757 8861
2146 1043
5490 4259
3235 7765
4516 764
7242 2261
7977 4179
7992 9303
8975 8113
6386 7166
1975 3007
3767 5329
604 4333
1032 5994
8914 5187
9973 2676
3877 1273
8105 4675
641 2805
1054 8072
6537 6405
521 1334
2229 6454
2780 6170
4878 4691
4061 8005
8764 8792
9138 7979
7266 4723
9001 6522
9678 1588
6345 1225
984 5769
6753 2904
336 2884
1701 6282
3954 4663
4979 8698
747 5474
4764 4152
492 5561
9169 2466
8613 9826
7852 5684
127 8213
2325 670
2021 2568
2420 2180
5533 9387
8546 8536
6237 8070
660 8372
3829 7419
1981 5344
8312 5269
2173 2131
4388 6248
3225 8018
3134 656
5418 6220
8775 9834
478 7172
4868 8268
8875 3748
7784 5553
9805 7873
2476 8841
2318 4282
3629 9910
8890 3343
2661 4366
5202 5582
3281 2273
7951 7857
4361 8017
7836 6562
151 9603
6275 7139
3185 5794
7609 6170
6135 1234
4376 8864
3495 6966
4544 9558
3751 9490
1299 4422
9511 4552
2431 740
4867 2528
2849 724
3149 1854
3627 8698
3722 5670
2899 9593
6939 5674
7245 6093
1304 2607
5673 31
155 1366
4417 5836
3777 1700
6738 9479
2320 420
9815 1245
6934 8228
5 8287
5961 5311
9436 2318
7245 668
2600 580
9113 5462
1187 3967
6885 3916
3087 8803
6315 7655
5401 1899
1909 6905
7559 1590
4019 7673
7130 9711
2334 2309
4708 4867
9915 2508
8472 1077
5054 5989
2269 1187
2422 4235
8611 2256
7003 14
3767 1425
3144 6885
1634 3315
3034 9228
4602 6160
5776 6825
780 3948
3983 2957
759 8059
7487 5324
83 9504
2281 7705
9568 4126
9707 3326
5385 1937
1373 3565
4293 4521
1694 4093
3350 2140
3474 3367
2834 4657
4874 3811
474 2788
1135 6919
9774 6755
1370 5619
9293 3209
7546 4697
2481 107
6604 5315
2673 9862
7247 9475
8683 993
7283 2414
8523 1082
8099 1920
4863 5155
2654 5541
3307 3908
5978 4640
1004 3392
5572 3013
3800 4852
1093 2570
8086 6476
5597 7740
5631 5301
1068 2186
9914 2876
2093 9075
8544 6930
5542 9900
6151 1700
847 9454
7905 4381
8434 7173
3635 2165
2996 3735
9512 8116
3834 2732
3397 1919
9819 1171
660 6374
2694 5052
5951 4099
5453 1503
4667 9181
351 8289
2209 5277
3750 617
5845 8501
6990 9916
5027 8799
5588 4111
4869 6006
8520 3124
5396 3191
1725 7949
6845 7754
4036 5533
8590 4653
1283 1258
8878 8536
8839 3843
5215 8074
9544 4530
4287 4233
6754 676
6795 8792
2473 4139
5271 7064
3843 1794
4262 2607
4319 2363
4381 5918
8324 9268
2054 8069
7927 154
9292 5102
5760 1246
6623 1572
7977 6707
562 6324
947 4100
4272 5793
530 4964
2383 6758
2049 6879
9964 6514
8057 86
3680 5885
4766 2898
8382 8606
1632 7866
5979 7728
1208 7516
5573 3236
3924 5133
1473 1547
8110 5918
9594 8976
1410 7495
6917 8540
9745 2894
5172 2014
8685 3072
6311 9829
8288 4309
894 7810
4036 7792
3688 1251
1344 2319
546 1987
6973 1528
9993 5459
6994 9468
177 4037
6804 3218
5213 5295
2148 1637
4271 2709
814 9279
3198 6608
984 2168
612 9429
6457 9704
4898 8333
1317 2592
8711 410
3169 7759
8912 7078
3954 1016
8816 2202
2194 3617
5118 9807
1516 2219
2606 3848
9863 5964
3532 5230
2879 7553
6753 2492
8864 9389
5232 2831
2611 2609
1593 5348
2671 4045
7287 9945
2373 6448
2248 7212
9312 7940
8808 2266
4723 5085
997 744
1327 4651
6544 521
6724 3238
7514 642
5547 8141
1824 8633
1725 5820
9471 2428
1498 6961
2593 9303
281 2752
8640 7003
8372 3498
6743 9779
4318 9555
8074 3657
2035 1346
636 3543
6996 2510
8768 9703
9167 6581
8296 7569
8892 1915
8852 6243
7239 1589
393 1752
396 9141
5668 7756
444 3883
5689 2111
3478 2508
1029 5005
9879 9993
682 6383
1121 8301
8350 8913
2426 9220
8592 5458
1009 6197
860 2191
3309 3805
8719 1628
5630 4559
1083 2008
183 780
6709 9145
6665 9640
6692 5335
9965 4043
1393 8308
6022 2466
60 1199
9185 4665
7019 4840
8333 7350
7539 1043
3683 729
5561 1598
5425 6282
6067 665
9734 3543
5972 9814
5483 7988
6409 3785
5853 6951
9168 7393
7935 4387
6011 1239
7902 3535
3381 7882
6934 743
541 9181
3708 3642
4983 238
3303 344
2647 5539
3673 8074
2401 1340
8054 7358
2121 2405
520 2424
4677 3059
3141 5958
5868 9608
2152 5132
153 3900
3722 7691
8421 1776
5848 8025
591 1360
5394 6079
8716 8028
1085 9743
7101 227
112 5941
7129 7718
5547 3945
5749 9521
6307 1709
3553 2552
6602 8613
80 700
8785 7183
8786 2155
7990 7084
4801 2169
7135 4367
2202 5379
2275 9413
2100 1380
1002 9345
9212 4535
1487 1201
4096 4770
1056 2401
9764 7869
6428 4948
4185 7446
3724 2372
1989 4390
3161 5004
5707 6042
8020 2508
6180 8319
1554 7007
6203 3318
938 563
7831 8059
2744 1373
7831 9207
9810 8839
4449 4106
121 4456
3178 8487
5026 441
7443 2948
3697 8472
2588 4330
3879 6593
914 2598
452 9212
2384 1360
6594 1620
4257 5434
7992 5945
2037 2544
4959 2426
9986 2453
970 3013
945 4211
8042 8980
8645 2075
8606 465
9623 7978
2885 9347
7039 417
7003 1293
7544 4082
8587 2034
8335 7341
650 8106
7905 7186
3018 9357
1560 5325
1761 1248
6004 7833
3971 8175
8370 3868
5545 3534
5903 6871
2277 6469
1565 7864
889 6361
4737 5316
9052 8691
8671 3934
9974 7933
1510 4053
8228 1598
5107 7206
3147 3456
669 5008
4313 6346
7328 908
2322 8551
7408 5338
9946 3182
7163 8659
202 6138
6955 550
2107 1023
5655 552
5848 3760
4892 5754
3111 2165
5250 4907
2774 274
1365 8061
6273 4451
9625 8626
2649 2259
3357 6121
2456 2097
9774 1105
5161 4505
1854 8244
7344 4285
8222 307
470 3699
5538 5337
3990 9524
7861 8823
7097 8210
9543 7867
9597 4246
6661 5322
643 163
9367 502
1109 8271
1456 5113
2682 5755
3048 4088
8497 2087
9551 9065
2369 4106
223 6273
2376 3304
2320 7286
6854 9601
6626 3733
5766 6279
2781 754
8170 8287
9257 3804
3642 696
9003 2166
2897 1064
6603 3333
4680 2938
3914 4769
6325 5852
914 1640
9329 5915
6974 6273
4192 7168
343 1747
1871 6629
2586 239
2054 5958
5245 2664
5207 2974
6936 9737
8979 1738
5116 8498
9147 4180
3009 7159
8160 7255
4147 309
3814 7454
2497 9141
9150 3819
9546 3767
4317 2212
8155 2223
1402 6201
4229 6116
1547 1421
9736 9609
9336 6348
2244 4037
5390 4363
3651 5537
7734 4108
9792 4480
3362 2716
2991 9163
235 1644
7056 8371
6316 7308
5310 6615
6588 9381
3649 2653
8303 5452
291 4838
5040 4908
4272 5507
6877 8003
8527 7375
9626 6321
6294 6682
6307 3149
738 9847
1531 877
666 3863
9168 2215
5266 5548
8949 3660
2539 1026
8920 4319
8563 9956
9295 6618
9555 9374
3123 7966
4460 1060
9675 6197
3406 7356
9287 3053
9883 481
2024 2861
2589 2828
514 9103
4276 160
8326 5727
6168 6496
1185 9437
7773 3307
807 2118
3025 554
8173 8008
2637 8161
8286 7659
8160 6817
4997 356
5579 1798
5775 4419
1661 5808
5029 2920
5267 9101
9884 7689
838 7421
5931 6118
6245 4779
2695 2350
7251 7075
7225 9384
8867 7874
2821 3503
8543 9867
3779 1793
172 5392
214 376
3513 7201
2590 7861
9526 4383
7456 212
3136 8721
2260 1295
1201 7856
590 1181
8653 4903
2923 2841
59 579
6922 9333
6767 281
3639 1901
8076 4842
4190 2791
3934 4526
7426 9309
815 1488
2241 1408
4951 3886
7433 5603
8741 582
2053 4356
6385 6624
4195 589
6786 1803
1508 3584
6491 192
1859 1850
9150 809
3318 1625
5066 7052
7613 2054
219 1206
5933 9258
1483 9396
5571 8452
5331 2181
136 3473
8446 8079
8597 9554
3620 2659
4616 6974
6828 3034
4349 9231
2161 3080
7263 5672
6720 6154
435 6984
9604 4147
5701 9807
5210 9743
6442 5954
3574 1385
9216 27
8954 7660
7055 1947
6599 9258
9189 5762
1780 5249
2998 1991
6345 9280
3761 7745
6205 790
1350 9579
5844 6798
7692 6775
7057 1860
9950 5505
7197 3904
402 500
4016 7895
5135 8638
7010 7320
2845 961
4363 1557
431 39
728 4185
4966 1931
3580 1928
349 6716
8633 2978
3593 3103
8412 9642
9484 9937
4993 963
7484 4725
6324 3291
1451 9649
3009 891
4313 9436
7943 2523
9849 9402
2898 4992
9954 8693
7385 3106
6258 6312
867 1145
487 146
1959 6300
7510 806
4302 3376
1335 6544
9340 3035
4379 7948
4249 380
4249 5622
119 3576
5516 6561
6815 4489
8609 9508
1074 5991
1956 3213
9003 8988
1405 9187
6616 8094
1925 3553
2700 6590
4899 2880
3812 6307
7697 6077
8188 9761
2913 4136
774 3682
8011 5298
8221 5461
2719 656
2907 9208
6055 3363
8933 6734
4631 5659
1338 7019
5092 6489
7318 6916
8022 7049
9452 254
1115 7359
247 528
1905 5812
2287 3198
5213 1123
5141 318
5120 2385
5181 3337
6527 4155
7170 9147
6376 3303
5308 4030
8668 9599
8633 6000
8083 9710
9826 5452
5428 4902
3102 8639
9822 2294
7418 7375
8377 6342
4960 1407
5446 2044
3311 6898
9527 581
4067 2035
958 7447
9243 2879
5725 9568
9691 8811
3130 7091
2405 8882
5452 7504
247 4867
1539 6521
4558 7434
9270 2277
1636 2299
2915 8905
5016 9820
3265 792
1137 2585
1858 1250
6038 2631
18 403
1107 2017
384 573
55 4963
3369 3353
6075 2467
7379 2310
8508 8540
3038 1631
8439 1240
6148 1966
6343 7084
2322 8031
6036 5368
1200 3783
5854 908
8467 854
1129 8494
2153 484
6104 1806
4152 566
7500 3821
7329 5511
1835 352
3326 2265
6519 9284
3647 4290
3093 6394
4099 346
8165 69
1762 1549
9462 2802
2200 8659
2918 640
6580 4362
5556 4105
2796 6486
3059 5009
1565 4384
8255 855
6031 4538
2590 8934
1321 3005
7465 6850
5945 9787
8073 7426
9746 6909
5964 5642
2832 5943
2690 7356
9942 8771
6043 5114
5839 1029
2613 2525
3616 3323
1318 1919
3978 6742
9030 961
7704 163
6301 220
4638 9736
1762 3907
8219 3413
8497 5206
6251 3510
4575 6520
2451 9681
8236 8872
267 7952
3405 2445
1513 4653
1537 122
115 846
4292 8413
6004 242
1311 7170
9130 1591
3271 7207
4737 2821
5520 3069
4150 6889
2956 8055
939 9305
8719 3450
6864 4102
8097 8770
4099 5130
9343 7096
1477 8386
3230 2123
5331 6909
9046 5843
625 8919
407 2223
4385 9364
346 1410
6274 3895
2502 1079
808 4143
3947 5498
2696 9699
276 2182
5988 3774
3385 3561
1828 4300
3350 431
1892 3035
478 395
421 7876
8821 2912
7180 3801
1543 3594
609 7440
4479 9513
7423 6166
756 2605
2757 9822
5045 1131
1713 4819
4301 9206
713 4906
5290 2982
390 2568
9259 2856
2350 2737
4314 6625
4820 4232
8450 8483
4889 2618
9948 1334
3590 1938
194 8443
4958 8008
5835 1324
8240 992
87 8295
1628 9444
3638 3759
9282 8871
3528 6464
7359 1188
7686 2267
3986 820
4798 3390
8716 1480
2102 8881
6906 2066
7548 9720
9232 754
9184 6531
9618 8354
1260 5690
6977 2402
6796 2612
8079 7315
20 7667
3765 9080
6704 7734
7613 9142
4331 9265
9027 7863
3152 4427
5076 1524
4806 5269
568 1074
7395 2314
3148 1631
4956 2205
5002 2611
6670 3205
4024 4359
5866 2104
603 4561
343 5231
1887 2149
6636 3810
3330 9231
6252 9361
1875 845
211 8115
7481 6715
6052 1133
339 2565
9979 4505
7102 5447
2386 7858
7666 915
4273 4996
4181 3166
132 1060
9172 6059
6594 4378
7131 2143
8927 9872
5535 5082
8599 1996
4341 3434
8297 3634
9179 8003
5443 1244
6355 4000
2373 7164
6428 271
1818 2587
4265 8009
3674 3133
999 9630
2901 9679
2242 316
2271 5074
5249 7568
7940 5586
6011 1427
9657 1381
2232 177
7767 4210
9688 1735
1187 1326
2609 6163
9046 6394
700 4321
1781 2026
2821 9832
7188 9521
4120 6914
4089 5673
6516 4877
945 6847
1445 5277
7944 9680
185 2738
3021 6566
7044 9145
1411 8766
5496 8037
6307 9992
136 5153
4958 2102
2532 5909
5186 7909
7959 597
7594 2160
7205 5710
7775 1498
5553 7095
244 3004
8121 9425
3432 5371
59 54
6339 7985
9481 6754
3116 8397
4123 5364
4520 7647
7389 7926
3459 5968
7484 9081
800 3671
4472 7136
4447 1248
6205 9266
9048 220
4280 3227
5334 6908
4337 4082
66 7036
6184 8790
2128 2733
8290 9650
6470 7479
1592 478
6134 372
6048 5240
1715 710
8354 8784
4203 9174
551 8805
7712 7414
3711 1438
3078 1595
1127 8970
3142 2605
6085 2077
1354 6362
7358 9638
9419 6814
5265 2599
9874 6521
949 3669
4857 8187
6237 5772
5499 7690
9555 9138
6267 4562
8947 6937
5120 5805
8263 3208
9738 4288
4286 1237
3709 3437
2618 5177
8895 9469
8581 7653
2401 1184
1708 2179
3811 693
8814 3828
9152 9295
4371 9573
5597 2027
2333 1817
1982 716
5239 3026
942 9953
7921 3726
7833 1311
7996 5379
9376 2334
5961 6731
6987 1175
5299 4409
1805 7842
1161 6528
2349 3230
2062 7314
5535 4918
9737 3250
4814 4205
1144 4482
996 6436
5936 6777
7188 3214
4833 5226
2532 6547
7575 9625
7846 2806
8392 5757
3025 4296
1974 9464
6670 3015
2215 9848
7370 3424
2653 8076
3863 6065
3048 2319
2577 7468
5095 2742
1923 6378
3480 6126
6647 4875
3574 50
6919 6108
2897 581
570 8739
4703 7397
4707 4605
4959 9773
5797 9999
7626 429
5717 869
4213 5422
2246 7171
7784 2053
4508 6293
8556 6012
9218 53
1260 8174
6834 6625
5481 335
8127 5915
7585 1355
9143 4461
4348 4451
7856 1980
7187 563
5478 9800
4297 9446
2440 5190
420 3012
6823 6959
9385 6801
6222 8477
4072 7008
1441 7787
4293 203
859 258
9862 6631
5978 7791
8832 7602
4231 4786
1014 808
9377 3634
3240 4513
1375 1577
6685 9143
8697 1979
6335 7131
1044 9477
330 8262
8547 1256
6598 2200
7565 821
9644 4262
9998 184
8985 8854
777 6730
4584 4792
4468 192
3110 188
7447 1720
3999 4911
1744 1686
9073 9416
2016 2353
6023 5504
955 8696
113 2749
4316 7994
146 7987
5844 3265
3753 8298
6395 8384
5767 4019
4695 6223
961 2436
9847 1669
5770 9706
7825 6527
6792 7227
2179 3065
9765 6930
4818 4233
3108 8342
7798 6082
7638 5328
9267 9237
9635 9017
5256 6433
4410 768
9990 6577
3671 9992
1058 6490
7105 8545
7412 1386
6225 5873
8229 38
3949 907
2740 641
4308 8454
6083 3761
7122 6860
1031 926
1349 253
9198 5662
1216 7530
4911 8670
3061 3951
8185 1429
8795 3344
4072 1882
7638 2528
8786 8424
9768 9039
4078 5016
9159 1420
5133 5002
7423 6772
9429 2483
8176 116
3887 6020
3561 6400
7995 9251
2158 2399
6509 1070
939 1970
3119 5007
9628 6607
4331 7100
1348 5101
1005 5391
2358 1361
6722 80
2469 5480
1381 1499
6980 6989
5508 9050
7718 6574
4043 4035
1363 5303
328 3970
5877 3023
3126 2030
5228 5087
8163 5342
6399 4109
6026 8145
6629 4092
1919 479
3004 228
3686 3431
2698 9818
9246 4759
137 163
9806 1070
8878 1569
5962 3966
6479 3043
6334 4161
3792 7918
27 7782
7085 1935
5369 5864
2511 9544
3906 8648
8762 5059
8761 9146
1891 9792
7949 7383
5226 5859
5852 3030
9242 7984
6306 6893
4132 5872
1089 5558
4191 176
953 9721
5190 5199
922 831
7738 6322
5221 3086
9070 7515
9841 6791
7645 7950
2124 1289
4253 2250
2454 628
5930 6118
4330 2684
1775 5811
2705 7316
5096 2625
8181 4710
9404 2949
4015 6285
7080 3622
283 3574
5137 2379
5020 1153
2807 879
9726 7967
3743 7571
6931 8278
2377 4849
434 8628
3905 5525
3411 1161
7702 1713
47 4864
8638 5078
6583 8930
592 9705
8397 587
2610 3834
3601 2897
1674 9284
7478 445
2993 3398
4144 2120
6516 466
7621 9405
8293 1029
3622 7645
7550 6367
1189 6813
381 3052
6872 9289
7347 2470
9821 1832
6870 9149
6648 4320
4365 3874
7006 8173
2592 580
4439 9929
8131 5675
2340 4808
8485 1495
8230 9866
8307 2848
1977 78
4939 154
5300 7816
3549 3813
7264 1821
5322 8350
752 5100
85 3854
7568 1979
4663 1448
672 5713
3815 4291
4824 746
6807 8919
9812 9249
195 2944
4625 344
8054 5164
5233 6646
7363 5235
9218 6647
7764 2063
7386 6052
1527 8200
4374 6719
711 1234
8414 8592
5525 9244
781 9050
9972 7080
1046 9657
2084 1445
3280 6424
9853 8069
7077 8776
2426 6127
9049 2621
9500 2559
3153 9047
8324 2967
7778 6140
8173 451
8714 7160
1408 3170
9589 895
9402 9833
3739 2299
1538 4437
8548 2301
821 9054
4195 829
109 8083
7238 4831
8456 9907
8459 68
6646 2532
1009 8858
1103 3811
4917 3407
715 8604
3499 8616
8258 6137
5635 6175
9418 7428
7118 378
7863 4540
5492 1913
9264 7669
614 2392
9886 3410
6358 9941
358 5037
9522 2464
1359 9800
6438 5493
6236 5563
4061 8922
4183 3684
6559 3704
698 3290
1065 8510
8333 5858
1700 3415
5746 802
4455 2026
3643 9287
1070 6599
5904 8748
3162 2540
7258 2189
9143 9160
7722 2494
718 4941
56 2433
2021 9584
2642 7647
9480 2297
2622 7876
5225 7869
8228 8677
3176 6971
9110 65
7089 9622
8475 2713
7690 9351
6683 7524
1717 9878
8815 1722
6434 2265
6660 8505
4978 233
2242 234
2535 3049
9933 383
8308 6057
4455 2047
6388 2050
8857 1870
9423 722
4751 1708
8771 6448
8623 2687
7308 3745
740 8370
5616 2243
2643 3021
3059 2075
8826 972
9336 857
5212 3751
2735 8055
4291 304
8243 7304
1442 4732
5737 1402
5400 1739
8570 2327
7358 2135
3311 9765
7884 7070
1228 484
9364 6202
2226 3988
2856 5930
9403 4405
7909 7269
5378 8002
2568 3686
8115 2992
1403 418
5248 2789
9638 689
3034 6518
5293 3407
1599 4873
7494 1086
1071 8518
5895 4040
4486 1954
8853 6589
4359 6094
5394 7429
3014 1585
5292 7264
196 1913
9968 3980
2537 9450
7801 1916
4727 14
5062 4451
6340 5835
1592 7710
4517 2554
5327 1011
4712 3262
4507 323
526 5811
4217 7322
2841 297
1282 5809
8664 3441
1946 5063
5389 3455
5440 2473
2872 4626
1209 5921
9407 8743
576 1841
996 554
1768 9588
7373 390
8507 2053
1605 4355
2340 8975
6430 8248
4697 4153
2815 6369
2271 8461
7341 6821
4495 8152
1270 815
8049 4886
946 4464
1652 2311
195 7974
3969 1756
5747 2937
8445 9244
816 3686
7771 7
6853 6868
4395 8866
7646 4110
5297 3147
7388 6037
2041 4131
7745 375
2242 9999
2081 9829
7517 5562
7862 3426
7808 8584
4070 2546
3225 1739
1571 4937
7809 6271
91 7095
5512 3717
8071 9233
9147 7724
978 5168
6369 6121
3090 4672
3705 7672
2126 1864
3895 8515
4531 3197
4395 780
6038 5399
698 3376
2880 2392
7532 9149
1024 6543
577 265
5862 3114
4516 5219
9992 5020
983 4103
5356 4489
3742 6969
9879 4220
456 4775
154 619
2007 6427
1799 2716
5072 4050
9450 782
194 873
3502 6258
5830 1605
4783 4756
5598 440
5237 2431
140 908
6331 7104
5941 5993
944 242
1864 4459
7144 7425
5408 3581
7543 4725
3893 2309
7359 1980
7134 3300
3431 4860
7044 8662
3470 8401
6908 111
2288 8857
9300 1348
1197 697
6041 982
9992 8346
6509 6356
3283 6245
4673 9575
2713 1448
6163 2829
2792 1719
3243 8434
6080 1554
4869 3469
7914 1360
7269 7236
1612 3885
149 1145
6058 1794
6230 8359
869 1311
8225 6990
4671 7922
8647 5750
9080 978
4580 5169
7589 6086
6746 36
8702 3051
4598 6255
6180 9467
8301 7831
9297 6601
550 461
6498 952
3382 467
673 4498
4205 1485
8003 9632
6992 6360
6880 8457
8276 8633
2776 6965
8830 5053
1548 3690
1586 4756
8349 7015
4412 5707
378 4047
990 955
1313 7002
9090 5640
8759 26
7732 5010
8219 6409
9729 4914
4419 7016
8117 4858
5699 1443
375 6666
1033 3094
9362 7232
1920 6370
5166 6478
6712 102
9063 6058
557 606
1258 3213
358 7156
7431 5189
434 2544
5480 7745
7549 6260
8949 5150
7503 7776
8976 2141
2894 6956
145 7278
6470 1933
7846 9062
7473 6551
5107 6108
4913 5707
8410 8484
7546 447
8792 5473
5018 7178
1068 4699
4422 1217
9633 9757
2125 5457
1283 4095
5820 8856
8704 5317
2618 517
4777 9301
5135 9890
5020 2752
7707 8784
3570 52
5768 2408
7378 1040
6439 6280
4051 158
3784 4248
8597 9755
3345 6028
5307 1377
4939 9051
6573 1535
1400 8892
1498 4396
7106 1142
2898 5648
8119 1693
6235 7884
8172 5091
936 5980
4687 8209
4599 6919
1764 53
2130 4824
19 5768
5969 2246
8011 4082
6573 8745
5166 8100
2569 1414
7194 8011
4921 4005
661 6951
4747 6989
7521 4755
2428 2243
3849 6865
1239 6281
4037 7659
7845 8589
1884 8265
989 5920
4692 4781
5087 2046
9551 7267
262 7496
644 8401
2177 2114
3879 3424
310 9367
1564 148
2761 7456
2540 7218
4045 4677
3845 6717
8087 241
3499 3739
5863 5789
711 322
9025 2965
8280 4898
8941 808
3961 4682
4071 9019
1225 4574
6205 9761
3396 2070
6571 8444
3464 9779
5053 3797
8245 4050
8572 7101
8363 9942
9151 8618
7467 7287
7691 421
8558 8611
7373 9092
6734 7330
4861 7817
9732 1401
5814 2297
9379 9763
1442 3186
2446 231
2441 7985
7985 3425
9011 427
5938 7575
8031 3636
6086 9344
7863 7177
7728 8721
1065 831
5556 9425
9480 8787
2567 81
4651 3401
9126 6603
5721 4592
6464 1287
2494 439
3028 6518
2031 3361
9142 5943
2786 6993
5019 5837
5992 7480
7550 4245
6925 7600
8770 6123
7338 2803
3403 6699
1317 5080
7479 4714
7261 1348
8825 3604
9984 8241
3094 4685
6154 1990
1889 5378
299 22
7996 2807
9194 1599
7094 3535
7956 2810
5194 7459
3564 7860
4114 8498
7889 3061
3900 9781
5106 6092
6298 9167
6486 1862
1493 9197
3652 9065
864 3769
7531 4135
7892 3677
9813 4175
746 3455
6684 1609
7887 6877
1894 1353
234 9216
5342 7281
6550 1364
842 8398
3558 4748
6195 2967
5709 8799
7093 5471
8194 6833
9245 4140
3787 2261
2832 1595
5727 2105
1762 291
1524 1180
7703 5175
2652 6562
8878 7862
7127 2567
2999 3894
6781 7889
4902 1264
4177 8960
2443 5428
2451 905
8516 81
5722 4247
417 6378
7116 2503
8991 4270
1364 5798
2991 7394
9348 8101
53 8284
3100 5483
4065 1115
567 3502
5857 8275
9451 7070
6520 6769
3213 3675
5848 2432
9214 8351
2648 6106
1817 5565
9930 1198
4233 3160
7382 9810
3288 4151
8249 5866
1443 2623
3821 6813
3645 7113
3060 6428
3323 7198
9622 7917
2648 6167
6843 6034
6922 6925
5697 8735
2873 8015
1720 6540
4472 6381
4871 6928
1392 4172
6270 4319
5224 6166
2513 9356
89 5419
6999 9907
7114 4579
5154 7367
2909 5399
7074 2759
6770 4339
7837 915
5943 9282
1939 6938
5476 7903
6745 1755
3181 9036
4296 5280
4467 7998
7246 1293
2463 4927
5475 8370
5342 4290
2201 6555
84 3030
7432 7870
6450 5986
7081 7740
3531 5543
5220 6048
5030 7360
3762 3002
4811 2676
9753 7892
1238 3871
7494 5399
8346 9482
4791 6352
9972 1220
6818 3772
2456 5035
8676 4217
8002 3348
8213 8005
8635 6150
3264 5122
9737 312
17 3435
5999 9265
9538 8745
6561 6510
8674 3425
3885 2487
7999 8663
3964 6296
4747 1025
1867 5090
1889 6654
9952 8569
7722 6370
4672 3270
7114 4535
5566 3794
630 1998
1011 1981
2157 5067
2832 5000
5505 6620
6328 1997
9057 9944
1343 9553
5084 1481
2437 6934
4908 394
5037 5379
5384 2602
9738 3511
5546 7470
5533 247
6733 5241
785 8775
438 7842
8338 161
1587 6173
255 6998
8723 7504
2340 1366
9416 2152
4345 337
6201 3351
5784 2015
3558 4267
3794 1244
6249 1954
369 3864
7231 6087
6008 1350
8282 5239
6874 5169
8047 3756
9876 7375
722 8799
627 5212
6281 7114
5939 3253
5572 1450
5796 8364
2839 5154
6185 3353
9072 1634
5049 6907
3713 44
3535 5045
7481 2660
2775 8733
8756 9218
2667 8370
6689 8756
8714 5923
2204 7382
6270 7140
3936 8911
4244 5594
3331 6729
514 6652
5856 278
2459 9139
856 4540
4526 1820
9968 5568
3216 5075
6600 8453
4658 1303
6628 9816
9370 7124
5136 4839
1595 3024
2083 950
67 8503
5969 703
5136 1466
7856 7996
1754 5071
9191 7452
9456 8372
9272 573
1712 9718
5074 4911
996 8313
8495 5856
9332 4913
4204 4317
1010 9817
4058 9992
6552 3677
9172 1894
5821 9418
7158 1306
793 968
3555 9285
9479 3725
5868 2930
3511 3708
5998 3301
4167 7242
7038 8997
7193 3288
9508 7334
7949 7690
3806 6895
6837 1508
2892 2713
1722 4575
1681 4062
289 3483
5872 3281
4265 3208
4443 4385
4860 6236
4481 7940
1454 2187
2734 5498
81 7930
9907 3254
475 5817
5336 2773
3552 6517
3745 3999
7728 8941
2982 3577
4997 9427
8013 8230
3619 1078
8839 4837
7905 2029
1339 7757
5742 7093
6461 4137
7868 2031
2615 3812
1554 1660
5915 9053
7361 7887
5535 6941
8423 5687
9540 5677
9557 4217
1334 8333
7321 5770
945 6113
6675 3011
862 7142
7323 162
1203 1003
2254 7056
2919 8076
855 1715
3607 7288
7776 6365
9171 4069
6312 7769
7827 2141
9416 1265
4073 8982
973 6929
824 9921
188 5888
6917 9255
5785 3155
6337 5247
9448 3379
2359 1045
3924 1345
788 6723
2951 5189
2448 6441
3890 3957
8994 2131
5151 677
3079 1699
8482 7099
9903 3927
3348 3872
2578 3915
4439 4927
2297 8545
342 2022
3819 3434
5314 753
2496 8118
9813 4510
7612 4722
226 689
651 2601
7918 7498
1586 635
6701 265
5125 6183
3873 7177
2771 4480
38 396
9908 1092
4529 6655
7921 8703
6294 7098
1708 7348
9813 5723
2934 7429
8248 3053
5400 2274
6622 4237
5100 2612
2181 3128
7409 1268
9219 4692
7738 2169
3966 9161
1456 6173
1134 620
2835 2712
635 1399
9873 6077
246 8195
4363 7898
9448 468
895 1767
4878 9575
5818 6568
716 4445
4304 4698
2280 9259
7046 7285
8644 1282
7284 4762
6001 4699
5997 1531
8100 1941
3568 1208
8091 771
8767 9658
8528 6073
7596 8676
5914 5145
6009 7244
4083 6157
8421 371
665 3700
2025 2466
7704 9396
7800 9163
6291 6078
4820 4590
2535 5109
1442 2211
235 1973
8827 4149
4846 2919
3533 5306
3632 1624
8061 2130
6220 9623
4497 5245
9142 5529
3193 9381
9215 2613
8113 3735
6126 6497
2755 5842
2357 3302
6579 9209
4820 6233
3090 2460
4647 3571
6814 1193
9238 9983
9027 2221
3900 4407
4173 1945
6246 5818
4372 4380
1403 7798
7454 6870
539 1311
3950 1741
1103 5487
5658 2568
1389 1106
4371 9048
8896 5591
6657 7036
6364 7885
7343 5871
9047 7668
8784 2998
4802 5873
555 850
9093 5149
8859 8559
9576 2752
4903 4804
7779 3597
8630 6891
1787 8559
9262 2753
676 9564
9728 8899
4875 8764
6731 2339
109 1540
5967 3414
2143 594
6220 6050
8489 6157
6992 1281
9523 8230
2653 6150
7517 6965
6441 1542
1439 7806
9425 2807
6448 2615
843 2984
6361 8418
1095 416
1117 7840
9311 8357
7537 4935
9945 1647
1793 5870
3333 5788
2151 4848
7172 9337
3657 235
4776 9205
8447 7406
6676 9418
8253 2308
7389 8665
1139 4287
8821 371
3829 3743
7071 8951
9884 8737
7115 8205
8546 4372
7334 6371
6018 4883
6741 9245
5589 2944
1812 2549
7349 1477
4232 9511
4027 1823
5285 7125
6058 3849
1640 8375
6624 1514
5331 7227
745 13
1212 3296
5581 7350
9215 9588
7319 6547
5552 201
1447 3496
3663 5734
7277 4449
5515 9187
3319 3894
1159 4324
14 8276
273 5128
6301 6407
3145 7040
7532 4115
9805 1257
8132 9380
4779 6417
9967 6826
2257 5658
4426 4713
949 2606
5432 4176
1754 3834
9795 8291
7579 2229
6764 3817
5122 7156
5215 5873
3557 9801
3007 7824
1664 1191
222 6754
359 5869
9686 1596
8626 8480
7970 8869
3113 6117
8691 9077
476 6750
1570 5070
5943 9561
9312 7314
2765 5497
2219 1010
901 6466
370 2077
4931 1835
6034 1249
556 8304
6714 860
5750 6202
2094 8767
9123 832
8491 1230
9173 7585
5595 7800
2782 8082
5746 1694
8765 8537
2199 574
1943 4048
3677 45
9008 1745
5638 9955
3753 1596
6497 1768
8690 7837
5239 3849
6675 8611
7877 8853
4868 908
9951 5030
9124 8026
3415 575
2673 1364
3326 4464
8881 5928
7502 8005
6693 695
2002 4150
6807 6973
5970 1984
6519 1119
5177 6820
8750 5672
3508 7539
661 6036
8004 6813
5298 71
5989 2767
1081 5985
6683 4450
6557 8199
6062 4398
2385 2681
2869 7550
9880 1653
472 7844
2129 9791
4056 8083
1128 5509
289 6284
3439 3863
7976 3330
6408 4213
5394 2908
4122 8927
9798 9211
5327 7564
6625 6450
5660 1483
8292 548
5170 3566
9964 2155
3488 986
5420 5217
1293 5188
84 637
286 3591
2130 2904
945 9938
7697 7151
5976 5741
1604 766
5244 3850
9635 9906
3092 1718
8737 8992
4469 9050
3625 1715
7652 1246
8513 9413
9256 6755
7903 9972
2961 889
9301 8034
8434 9888
114 8897
3224 8999
1003 7569
2499 887
6388 5344
6560 4910
9572 2734
5141 807
5434 407
517 8166
9028 1235
2524 8283
7338 4974
133 574
8701 5981
6211 2369
9788 769
2521 9096
852 2088
9738 8834
4966 3870
6792 9763
2642 1636
3477 799
1489 3682
3876 5745
99 146
5997 5097
9211 8778
6612 8538
8828 6840
6033 1302
9152 4540
1553 9350
1138 3155
8902 8263
2457 525
7352 4860
9527 634
9090 7636
3805 5062
6632 9686
7930 5772
3600 1523
7517 6374
1889 928
683 2708
6047 3905
2780 8552
4079 7916
1085 6474
6621 8760
451 1425
1558 2058
7778 2509
254 6515
6365 1342
5011 8292
4130 3426
6702 1562
3111 6629
1452 7584
8790 5999
8503 1173
4774 1369
942 6750
6000 6297
1884 6022
3263 6974
8829 9039
9278 7473
7346 7191
620 5172
8246 3362
5688 574
4849 8593
7637 4233
4892 7760
8073 8189
251 5355
5011 5395
9620 578
9679 3784
289 3634
2693 928
1403 9864
7656 5727
7125 7297
2472 3812
463 8330
2244 7947
1154 1584
3817 4128
2484 1403
1834 6887
5038 5698
725 7853
6249 2514
3057 9475
3265 1100
6078 2615
3624 2324
1624 5482
2404 8808
6857 4410
2842 8515
1471 4398
7552 1234
5435 254
3271 8691
1078 7055
9812 680
7919 2409
668 9459
2478 9352
8301 4704
7625 4602
928 3122
8192 8978
9064 9140
1253 7245
3643 2434
2713 7080
2526 1078
4570 2589
8310 6562
6671 2353
4016 7636
5982 2975
9909 7623
3010 5959
3296 8826
2747 3482
4132 5014
2301 1628
198 2681
7055 7682
3595 9435
7454 3042
3384 2554
3011 3989
7024 9096
8329 3160
2361 8324
6649 8428
272 9864
1912 1431
6791 7280
6404 5099
4115 4511
6217 2114
6670 6524
9585 3897
3342 1163
7049 7832
3167 9182
791 9167
9002 8622
9495 667
2291 7990
5012 7840
5360 1402
5824 9815
1297 6861
3620 1410
3725 1696
5729 3253
2172 4571
7285 2293
1872 4459
970 4266
1468 204
1610 7967
9449 6177
6257 5034
9006 9572
7708 6772
5791 7798
1895 9720
1029 9473
1232 7291
9906 8172
8756 133
8605 8422
370 3211
486 1007
6260 9839
6793 2447
9706 8882
5806 4011
9454 5949
88 9103
2972 7157
1322 8444
7890 4744
9145 1271
8029 1696
6319 7884
2478 2561
4587 5276
2555 5992
5903 8701
4136 2410
2342 2520
1240 9851
5319 7194
169 1252
3811 4269
747 4083
8538 5823
6750 8114
9204 9745
6976 4744
6326 5669
4257 3739
7530 5711
2334 2430
9488 4247
628 5071
8209 2336
214 832
9677 5016
5390 6901
5717 7501
1248 1665
8685 8216
5439 5175
4694 3459
7810 5454
4905 5073
5167 448
2178 2562
8333 9690
7395 2209
4828 9955
5556 8075
2488 299
3661 2892
2696 9002
8339 8077
2332 7884
4253 263
4835 7884
747 9874
3111 3164
8353 5646
6710 739
6646 6227
6815 3263
231 4462
3068 4891
8734 6028
7911 8011
5222 6502
1444 3694
6690 6336
5934 8567
9465 5047
5016 5986
6816 1587
6558 9700
7071 8949
2721 7245
6451 7264
2843 2792
4508 9343
838 3475
3513 5671
5017 5307
9312 2025
2557 8777
5788 3385
3116 3908
7804 8551
9579 4413
363 4330
390 2460
9937 3633
6709 8566
659 7652
1083 1713
804 8512
2274 422
2746 6545
1023 3971
3674 2210
1498 8608
8833 1435
240 5730
7355 2342
4150 3256
3131 8627
5127 6638
7484 8422
7632 6086
2542 4325
696 8751
8292 2337
2723 6657
2231 6339
7435 5629
6919 2308
7467 3177
9219 1319
6792 3635
7350 2331
3420 4050
5331 4884
1665 7140
7193 838
3998 4847
2979 4107
5286 5853
8667 7437
1801 1635
2265 1700
1639 4663
3801 1324
1811 5233
8439 9666
1172 6543
8842 7470
1475 4825
1047 2584
7322 1166
7313 9418
8868 4338
8993 4514
9790 4537
1852 5848
501 8130
8958 2936
8830 5951
6525 2462
364 288
1724 9493
3467 6713
7069 9519
8716 2391
7961 5739
8845 8356
7580 6427
7343 5214
1662 5200
2632 1650
355 2025
8590 271
534 7801
2473 2951
4441 7102
2925 5532
3757 9006
2919 419
614 1276
9118 9558
2010 9861
4243 7009
406 783
1785 3960
9739 2369
3308 6410
1757 8845
9227 3874
460 6797
2969 1529
8852 1201
6753 6711
4287 3570
8044 1998
3734 5565
2342 9686
8493 6103
7643 9321
1256 569
6751 5244
7655 8860
1308 2822
1892 9428
2854 1893
4875 709
8016 6365
3290 7668
4813 5842
9127 4834
5131 5506
2745 1020
2427 6330
8673 5157
1355 3301
215 7247
8331 6333
392 6083
2253 1611
1133 9250
5790 2855
7422 3318
4798 5945
865 5924
1604 2756
6000 8499
6133 5316
3948 7669
6987 7440
2708 5501
6949 3949
7503 2801
9505 9838
3543 1069
6209 4220
403 6280
9907 9104
3149 1615
9487 2120
5554 5536
7179 3992
9999 225
9839 4146
2191 4462
7556 2350
1325 415
2793 8614
5564 690
3574 7407
2881 5147
2011 3810
7773 5381
9194 7512
3925 5038
8219 5383
3971 6016
8382 5878
2419 4277
2635 3265
9259 7369
2813 2308
4684 2041
5349 9816
9105 5934
9801 3564
4854 9272
2292 4565
1386 2088
7361 8431
7903 9266
4092 6881
4175 2605
5287 8395
152 5636
736 2560
741 1973
2264 9664
5010 4608
407 5392
4341 4528
5792 7339
5902 4383
5077 3072
5605 9770
8894 7009
6924 3064
9700 3593
9165 3519
8158 9513
8536 450
6867 1597
6565 8354
6288 1710
9509 2047
4847 8160
2609 6581
7950 1029
8657 8326
8557 3336
3164 4420
3544 2509
7269 9802
2334 4242
6070 3941
5051 7728
5810 7470
5334 785
5787 3564
352 7036
1328 3061
6438 4669
8353 3128
8746 3178
774 2730
3821 4465
5740 4421
7045 6477
49 1975
8759 8227
1449 3724
1323 735
6139 3496
4274 5867
2540 8270
4357 5540
2924 9936
8763 1550
3598 4206
482 733
3959 3247
8584 1909
3534 3568
5202 6542
3 2787
5965 7052
4303 6915
9129 5217
2877 8839
3792 9533
3869 1196
4107 3086
1573 6850
5296 6460
5333 6090
956 9686
2570 8689
9218 6827
8256 8323
5907 5065
140 3301
60 1469
8258 3865
9176 3579
8120 4723
1405 7863
9159 9997
4747 9970
9790 4320
8794 9891
1345 6884
8078 231
4117 4850
2961 1058
623 5379
8203 7833
4734 5551
3748 1123
1662 9552
1951 9417
9711 7284
5715 1159
9687 1636
3241 8045
296 5270
2185 1202
9383 6007
1106 1506
7267 9913
9518 9853
3254 6612
2594 464
3111 508
9708 4108
2281 1070
4892 6602
4410 5978
2388 5324
92 716
9153 139
4176 742
7899 1860
3138 1342
9006 3566
6651 3749
8972 7473
5755 1017
4955 90
418 9788
9823 6593
861 3189
7549 6799
234 8050
2186 7028
8765 4014
698 5864
7054 9122
2459 5020
8288 9023
9703 7130
8016 1840
7421 9400
9828 5128
2171 8005
3872 864
1484 8033
5278 7182
4265 4018
543 5690
7066 7738
1495 4576
5398 2413
9985 1280
8416 4111
6695 6032
2695 3196
7116 3302
5671 1583
9765 1277
3860 9363
9596 8161
6203 4040
2422 9453
3070 4841
9871 9476
5155 1259
7846 7984
1197 6394
7263 2890
6153 1272
719 4625
2101 7843
2741 2821
4333 4281
8218 4113
4983 542
6595 9387
1394 3439
4172 4724
3983 7108
4835 2000
8753 8982
2969 9873
5864 9599
4179 6859
4656 2753
6890 4338
5259 27
723 675
1101 5046
2676 7746
908 8601
6988 2404
3439 2013
413 2499
8363 5021
5716 3521
1483 2377
1305 7608
763 8586
3539 1176
7570 533
5376 7440
7993 7340
3894 35
7296 4342
942 3390
6155 3530
3116 7970
8085 2997
5187 8955
4591 1574
1046 3448
1087 8622
5956 3542
210 6342
8265 193
2860 2922
8577 7081
5485 1969
5594 9365
2767 2221
4089 1844
9299 7541
1692 8000
6150 2841
621 7351
8421 8710
3637 7406
7749 1829
7046 797
6907 9984
6245 3529
2284 7852
4574 6344
3706 7802
781 4465
7962 5005
3840 984
412 6378
116 3833
280 4187
2027 1340
1074 1652
6776 7590
5696 766
2766 3638
2027 2555
3441 5270
9314 2771
6921 2113
8981 9036
7946 6544
138 3395
627 4492
840 2712
3076 4522
5266 6002
3614 3965
5539 7677
5159 6419
6777 3407
6565 7697
3561 2215
1296 7135
7965 9805
5143 7068
7072 3165
1677 1903
978 5877
6534 5249
7841 3381
4930 8934
1349 2708
7745 4476
5908 4285
7007 9999
2344 5580
5364 1278
2894 7896
2144 5608
8057 7105
3456 4824
6044 6450
9702 1871
406 37
3920 6943
3239 196
9904 7590
2780 7378
2885 4454
3670 9471
6385 3288
6680 7816
5251 4726
1984 2265
2656 4737
2019 5801
7761 2727
1692 9267
6790 7988
8167 9707
4443 286
7038 6661
9545 4532
9552 6879
7885 8914
1649 7579
1305 9120
6845 6422
9092 4668
6627 6325
7926 2049
1193 1556
2343 71
4708 1571
6570 2280
6244 5871
999 722
9010 1135
192 8581
7590 1179
9170 4668
6762 5661
7638 7809
2750 5281
1116 9475
3323 3113
6298 9114
5018 8505
2560 6465
7386 7176
1945 8241
8230 9221
6084 5109
4891 5489
3676 7018
5571 5315
9547 6124
9973 8896
7009 1813
1151 746
5024 5157
6995 9106
7415 9416
9610 1313
3042 9190
2377 1453
2298 9191
1616 5616
1490 8885
3899 7965
5653 9814
458 2103
8765 8616
6818 4300
4985 1436
2245 4223
4718 495
5849 9655
9868 2300
3945 7030
6928 7504
9624 1597
1247 7141
5420 9806
620 9764
5681 4348
3268 7538
1815 6696
1087 4142
9518 9886
4868 5000
790 4359
9837 1205
5623 2094
8197 8555
6293 5888
9181 8719
2873 1487
5705 6014
922 1255
4897 8893
6248 7850
3072 1995
782 1990
1414 2504
6095 5119
2524 3028
5118 8953
2916 3645
161 3964
1147 5499
4344 9996
6595 355
8490 1421
4911 2012
2743 1896
8819 3974
9131 1041
7440 3875
6386 1361
2247 4557
8458 5789
950 6309
186 4834
2725 6921
4439 7170
9126 7853
8352 4753
1413 375
3511 3437
3673 8316
4977 5936
1367 7971
5716 3938
3385 8739
705 130
1762 6299
3930 2676
2455 6000
2091 147
9303 8614
1948 5436
4036 5350
549 7218
4655 5919
7174 3182
6945 3320
1275 6247
4932 689
6049 595
116 8697
8812 746
8711 9854
697 541
952 3152
6495 2248
7959 1671
9303 6414
2192 3118
3217 2500
6091 4956
2378 7984
6756 4303
7811 6216
9943 257
2153 1242
4433 9853
5835 8588
6473 3721
1554 981
6995 5248
268 9886
9922 8747
752 765
7771 1518
1752 1389
2645 8921
1610 3793
8832 2128
3169 6688
3823 2440
3567 3609
3386 4548
3820 821
9463 1747
3623 5093
3087 8056
1693 1982
9385 3959
4602 7433
8361 953
5683 9795
9505 6188
635 6127
9039 2693
2076 5320
2235 4576
6322 3743
8680 6920
1669 5888
3045 4404
539 510
2730 4193
6022 2183
1185 2882
5724 9376
2030 6815
9751 1443
3458 1072
88 8966
838 7380
6283 9862
9528 8611
1364 214
3319 7843
48 748
6088 4281
3837 8740
2113 6908
7499 1508
4867 1645
7325 4674
1704 9566
6685 3456
3088 58
8527 9341
7362 5017
9537 4887
4765 7484
5691 8214
9674 5187
5041 7870
634 2927
6190 7972
1569 5838
8736 6222
5211 2747
9702 574
2017 1243
3481 2573
7111 7829
7735 8627
1901 7755
1659 7594
7410 6895
3256 8633
6180 784
3908 3103
7498 2284
3395 8535
388 801
4242 4134
3226 4368
9673 2759
3149 466
6231 8800
4555 3132
1262 6107
9202 5737
4345 5497
5653 2173
5870 3480
5713 945
393 2990
4905 6775
7773 5311
9977 7058
7036 5643
2891 1772
5684 3288
7202 1181
9436 1899
9007 3363
5146 1395
1396 8782
6752 2785
9084 9834
6503 301
638 3132
690 6995
8747 3808
7827 3280
6590 5968
8214 4312
8167 2887
6376 5273
625 4768
6338 3262
8505 5915
9519 761
1047 2555
6329 8527
1070 4132
371 2392
7872 6375
2677 6101
3734 5680
5279 9731
5450 3272
6042 9347
5292 1317
5497 9560
3418 9590
1149 5778
5383 576
3135 3747
4757 2097
6972 6103
4010 9685
5872 829
4548 7899
2851 3762
9951 357
1198 9596
8669 4015
2511 9659
6133 2576
2777 78
4717 8899
8336 9321
3349 717
1185 9822
7125 8130
5425 8213
7013 2177
2592 2699
3999 5601
3379 7561
3528 1304
7957 9611
7366 4539
5298 8932
4153 3032
7551 4075
2392 1788
2827 4795
1964 6042
4366 8095
6559 8939
8447 1147
9668 5486
1334 7709
9867 6461
7121 5932
1793 7027
3371 1058
5651 9162
7313 6533
8857 2364
8632 4131
1189 8056
1512 2748
3307 3037
1265 9393
4159 2219
5152 6204
9224 8770
3757 2014
7622 9741
1350 9611
1684 6089
4929 4091
4689 464
1219 6040
2681 7979
8671 6021
7148 8399
5455 7145
7931 9618
4642 7491
7364 4933
4332 9548
1791 906
6703 8017
3095 7072
8357 2761
5935 2933
7493 8726
3230 1982
7162 5696
3732 9035
8145 6093
963 2405
9562 934
6864 1630
9760 3000
5980 1586
8234 1120
8655 9515
5208 3809
5328 2177
2124 2046
9468 7235
8209 5172
631 7683
3830 9634
3664 8037
2772 50
5621 5396
9836 6774
9045 3672
6119 728
7229 5131
1348 3043
7911 8917
7485 3442
4873 7813
1085 7694
9481 5346
4845 3217
1627 100
2609 1368
3333 6212
3706 7149
5396 3681
4637 7324
157 6744
1620 101
2404 3657
7407 204
4160 8168
8513 5007
2364 8730
805 7423
6990 6143
2687 3304
9067 2856
9903 6318
74 8578
875 4724
3086 6023
8558 7180
4464 3144
52 5619
5560 269
4155 6015
9272 9616
6112 9412
7203 2046
5603 8614
8454 8085
2138 7735
9850 3944
7783 6819
4861 8624
2796 8607
2612 5599
9155 938
2686 2847
7960 1729
4064 9121
88 6169
5958 4234
2611 5882
6467 8238
4507 7249
5764 2837
5693 7466
9917 5308
3073 2086
8277 9038
3783 7650
4080 2965
3843 3505
7481 5776
624 4841
6932 9357
2296 6093
4378 2046
7315 1204
2616 882
1590 5976
4933 7482
1681 6486
2217 7323
989 3092
3832 5947
6944 5461
1555 4146
5016 8728
7417 4000
9996 9367
7939 2057
4649 593
6873 1130
98 4358
391 539
850 5975
2141 6800
1203 5549
134 4810
2084 3745
9686 514
6852 9183
4709 3792
8198 3328
4761 8398
2314 9371
2973 7264
6692 8877
985 8622
5637 33
720 8719
7651 6866
4261 7059
4453 9846
1283 2259
8921 337
1069 9280
8553 9288
8613 5428
878 8472
8085 4184
7221 7599
8434 2032
4700 4563
8233 7085
3835 5282
8773 5809
3294 1271
2680 1458
514 8356
1255 2891
9844 8394
1140 2449
5063 1763
125 3710
6815 2112
6355 5449
3987 8233
1029 2309
5749 8792
5292 2668
9274 643
8434 551
8740 4520
7151 3491
1322 1862
1864 6027
7624 835
2334 6670
8049 7423
7714 6586
6955 5908
6091 5192
6706 6967
948 1871
843 4552
8682 3271
167 3397
3697 9330
5820 4586
7912 9703
3129 4082
9253 6155
1896 4643
9124 7141
3659 992
7756 4420
7551 4439
2681 1666
8086 5140
291 9523
4673 9470
4737 8625
1629 5443
786 4010
58 1048
5057 2761
3013 8864
859 8297
6591 9919
7182 4364
4851 5141
2622 248
5885 1817
4897 3000
1647 64
2667 3565
6906 625
1404 3990
6971 6802
2758 9932
0 7772
7661 1497
9389 9204
1762 9850
2278 6157
8454 8662
6225 9055
2651 4644
7289 7369
821 6045
1684 71
747 618
9019 9916
2087 2749
3461 7306
9611 9467
1123 9510
9961 5431
5342 8087
796 5767
5548 7952
3656 9849
6111 8899
4827 80
6450 3550
2782 8278
5187 1167
7611 8814
3761 6012
6375 2736
2257 8801
2128 9238
7889 2084
8114 8087
7762 1923
9847 7581
3276 8316
3346 8511
1693 4820
6730 8437
6501 9203
765 3284
4285 5500
3405 9419
8081 7647
8233 3719
4634 9527
4618 2004
1126 9967
9195 4925
4378 90
322 4914
2020 6382
1098 4878
5439 1769
2594 118
249 6590
1969 7676
4394 9923
4461 7327
5259 9661
3878 578
2740 8316
5866 9327
6278 2770
4815 9660
1411 389
1656 932
7489 2803
8346 2424
2611 6139
350 12
1920 7806
9734 7506
3303 4462
5331 8800
142 9290
9677 2884
2463 9764
6741 5340
999 9793
5824 8976
2472 6193
4038 2942
4056 5017
5571 821
9644 8248
8406 1163
3405 1727
2413 9244
6690 4686
9502 3771
2443 814
8126 3822
9772 2927
1954 6634
2196 4537
3971 5073
1363 3617
7491 6899
7720 5656
52 5990
9432 7961
4832 7703
1617 2371
9584 82
5532 6270
7353 2623
6004 3759
9969 4856
1630 4543
9356 1376
9513 8304
9495 8645
7839 1473
850 386
5182 7626
2272 4127
3258 6553
3500 8255
9495 1293
9067 3314
374 4076
8558 5687
2811 5201
6600 9127
5315 4764
5918 8300
242 760
118 966
8708 2432
6062 2673
3571 145
4856 6952
3876 476
6006 8720
7035 6275
8110 5617
7203 7381
8958 2311
1175 7000
4623 4581
8103 8782
7019 1029
1153 635
6601 4096
4168 7445
9865 3747
8838 8300
2800 3995
293 9717
3149 5354
9195 9371
1786 9929
3922 1194
7950 8436
3410 9855
6867 1094
4334 1324
366 1761
6929 4173
6143 5997
8904 297
7523 6883
3101 6581
9444 8730
557 6840
3463 3012
7177 1198
2164 9898
76 8722
5549 1719
5367 522
3132 6589
4732 6394
6251 5606
2635 6233
8125 1718
3523 3261
4565 9422
4343 894
6343 8273
1952 3654
2435 404
1930 1676
609 3083
4025 4819
8368 9038
2318 6817
2176 2487
4200 2664
9394 3423
4835 4422
5214 6897
9416 227
9587 1383
9095 1614
6307 8496
9232 224
7293 4164
9204 5606
9782 1516
7165 4911
6077 1882
9325 8627
4196 4382
7440 7867
8573 8999
9232 3115
1323 6376
8074 4504
7171 4280
6574 9400
3927 5286
1227 494
1194 4653
1858 1396
6035 13
6726 8709
8092 6619
8446 2634
7283 8085
9207 7680
5852 4514
7718 5983
5881 9279
567 7364
534 7762
3988 2951
8157 7649
730 4542
1865 7073
8283 2015
257 659
69 1516
5243 1528
254 9818
9863 5943
1255 8972
2067 2928
9097 7220
6899 3998
6392 7785
846 3663
2864 6347
6622 80
8108 1707
5863 3692
2778 6539
9370 1585
302 9977
5273 3215
8172 1223
431 5962
9960 1664
7213 5237
2186 6485
7750 6437
5381 9625
1299 8893
27 5673
2560 5552
609 760
335 9966
8319 4778
1679 7615
1154 7620
5859 205
1413 9757
2468 7905
3595 5255
2494 7529
2139 5770
1472 7820
3232 6856
9691 6361
1229 2972
316 8513
1033 4171
3672 8090
2934 681
988 4788
1746 8249
8467 3866
7518 4732
4554 7623
7676 1301
9365 8316
9940 607
4463 8847
7533 992
3629 7680
8523 4845
4173 6289
9219 7367
254 3420
6679 9490
5830 8918
4417 1308
3484 9937
3706 8168
5742 7655
5001 1395
306 148
7704 9171
4832 2517
645 4051
7663 1908
3790 9603
6027 6083
2771 9020
7229 5836
331 5059
6984 8926
2727 5018
662 7906
447 4344
55 1275
2245 4494
2699 562
6153 9623
3900 4738
6686 5049
9369 2415
3439 971
4019 7138
9405 9502
4774 9063
9405 3500
3393 4746
5143 2418
7025 4544
2626 3197
4942 7641
3374 2664
8635 3863
121 1703
1062 4356
8934 6086
6589 6415
7026 6542
1712 7045
5118 1190
6279 7631
921 6791
9013 2007
7745 3523
5089 1678
7306 4816
884 2337
2739 27
6691 7735
5506 6044
9600 9463
2593 7865
7774 6896
1282 9623
3316 2457
3563 1688
7436 1284
4227 7565
6566 6923
1157 7069
5941 6092
116 9123
9313 1585
9627 5366
9469 9545
5630 9601
9247 298
887 539
4700 2427
62 8807
9297 569
2627 2541
1234 8920
9382 2517
6651 2191
2089 8297
467 2692
7730 6280
4735 8778
4617 6250
9224 1483
878 9596
5857 2008
7721 2786
4993 7994
5987 4484
7180 1071
8856 7970
9460 8337
6 2271
4052 8717
7033 6814
4204 1839
7386 3501
5576 9105
8693 4226
6959 6845
9387 1558
5564 2288
5100 7876
4707 5390
3200 4817
4841 5039
9095 270
8734 9154
5547 3823
1021 4933
9038 4033
2235 2534
5046 7260
8752 307
8739 4690
7128 9707
3395 3697
2898 611
6764 6595
8374 677
4300 8804
2527 4498
6461 3521
8631 7213
867 4115
1196 4383
97 8706
4713 4624
2227 2049
1300 7139
2982 650
9141 4344
1396 5100
1568 986
1601 4084
8102 2385
884 3838
5910 1341
9966 3762
9794 7177
6066 3166
264 3893
253 5705
1493 2606
2543 6458
5440 7067
542 555
4596 746
5774 6330
2562 7117
4530 282
4471 9877
448 3042
5687 6526
43 9634
6708 4438
2513 469
3982 8135
9041 5115
2015 4896
4410 9882
5694 1929
9062 5942
3772 3808
2874 7987
1309 8115
8259 8656
5908 4442
8952 8704
3088 4210
7618 8084
1293 5816
1221 1233
6668 4658
3425 6890
2269 65
9551 2497
133 4662
6016 6090
9017 326
5413 1614
1761 6832
1239 7166
657 7331
7626 597
3302 7671
5672 7140
663 1819
2688 6415
9092 3947
968 5436
794 1845
4188 5697
9103 7696
4120 6906
5413 7776
4971 6518
2236 476
6050 1434
3513 3590
110 5138
4134 1285
650 5750
5629 8090
7288 8626
6127 47
8805 238
2290 1908
6845 6998
8159 3159
3442 3808
2289 2871
5580 2668
9686 8792
9230 6334
2092 4550
8966 7395
3401 5974
7885 8112
3010 3570
4235 498
9400 5057
7082 8608
1253 8073
5278 2366
1577 3362
8137 5814
2630 3743
5335 8679
1903 3268
6133 7564
1959 327
1242 120
2317 1453
410 1675
6300 3234
7133 7979
2928 4988
3577 4484
31 6669
3233 6316
5756 7120
5616 5157
6407 8916
1266 4655
1376 6292
3727 9604
999 2768
8884 2087
5078 624
5237 5255
1678 9313
9628 9108
3267 9375
3350 3679
8425 7280
2599 4688
6880 1625
5253 4401
7085 2248
2230 3727
1604 2614
4844 4179
8004 5798
1803 8197
9388 2441
7324 5729
4948 482
9314 2654
5369 1533
8186 7811
7705 4056
757 8542
2486 5512
6777 5112
3087 5969
6523 1847
3810 1580
3348 2478
2117 5350
7738 1898
148 6891
3325 6537
4814 2420
3479 6107
6032 6979
9161 7668
6312 6167
6227 3299
8806 7432
1280 8375
5972 4670
6943 5214
3298 1542
6790 1276
1071 643
6922 424
2439 8200
4121 5033
7909 4673
7410 5512
9929 1832
1450 2305
4204 6557
5149 4166
8144 4739
1556 130
9992 6108
7858 7557
8928 1729
6920 3130
1359 3647
6124 7565
9007 8101
8622 2960
6085 4684
8861 4381
2050 5706
4617 7728
5202 5046
1498 8949
4553 9800
2688 4188
5868 7926
7944 6263
1049 7520
8083 8782
789 9709
8872 4982
1505 5814
4474 6605
2967 7154
994 5679
5457 982
1426 9719
1925 5951
3089 3058
4271 6462
5466 8453
9857 1968
7300 1822
2647 9595
439 9828
5495 6118
3287 6895
8083 9031
179 5380
2856 8705
9701 8865
3519 6425
1906 6454
2164 2968
6384 5004
7425 3561
7328 3785
9256 7515
3410 5037
164 2328
4400 9084
893 9867
8329 5814
6753 9028
4580 5944
8959 6867
6335 0
5804 7801
8273 9388
2743 3853
5003 1323
8362 1557
5295 806
2139 7183
1681 866
1417 9477
7605 8969
2213 3504
1806 7283
1596 3966
1795 1177
4550 7046
7172 4017
8187 3356
1560 8960
9316 5312
4424 1214
9794 2954
9598 4217
8063 3503
4037 7098
511 7790
4447 4439
1313 27
7645 8431
7949 8592
2568 7359
4238 5810
8840 7085
1297 3756
1463 1831
1794 1622
3159 5860
6460 2737
508 3269
7342 3529
9225 5578
2803 764
2570 1184
7654 5029
9696 6071
1304 9304
6835 3346
1662 1800
9715 6490
1738 9209
359 173
3589 8782
424 1971
559 856
2310 5146
6032 8260
8848 3056
6972 3422
4915 3664
7980 7418
4177 9594
9573 2087
6499 1810
9806 6376
5320 8515
1512 4326
9277 3962
3606 5885
3390 2614
7337 3746
4350 4859
3339 3952
1802 6742
2573 2841
330 4592
8669 2890
5708 4940
5043 8408
4317 3018
4553 5360
1519 1155
9461 7823
2926 7377
5578 9993
2420 2911
1205 4715
7317 690
599 5345
6188 6220
8164 3284
5941 6174
2384 7079
3038 2799
981 3289
6039 6935
1733 9669
3946 1553
9234 2393
7583 6792
3786 5401
1054 769
3181 7911
6135 7415
2277 4459
7991 4971
7719 2793
3481 4891
374 5775
3472 6946
5687 2817
4507 2155
1743 858
827 7909
3187 8727
2540 5147
3495 593
8824 3638
5522 632
2873 5280
279 336
279 8781
5769 6341
5409 3143
8774 3083
3433 4879
9424 1889
7713 439
4022 1638
1108 8761
7433 4965
1927 7997
6050 619
5838 6960
9069 8012
7669 8869
9392 1634
9181 9178
9722 7938
9042 6662
3543 8720
9803 1231
1416 6448
1501 4293
6306 7999
4487 5218
386 2125
6883 1131
479 4027
3607 6946
4513 204
1062 7980
7805 2728
3157 1364
4092 9793
3829 8390
9617 8385
1418 5315
5832 9114
5665 9646
5634 4197
6706 6154
213 8714
2401 5369
7785 8450
9252 3233
7829 1989
2703 2842
6062 1901
4660 8200
6808 1328
4737 8446
215 5233
3112 1735
6647 7650
736 6260
6583 8843
7348 7338
1383 7693
8089 5831
8945 3161
9132 8547
522 2672
3228 7648
6994 1797
6550 566
6739 3056
2335 2176
3017 7125
5436 756
5022 8626
8146 9989
7945 9441
6698 1183
7804 3894
2389 5574
8800 7508
3589 9559
6447 3233
6795 64
4000 9369
5833 4360
2425 8843
9413 7130
1588 9046
9491 410
6991 6329
2406 9877
893 3204
8949 9783
8638 1450
4726 6047
1038 7655
9045 6780
3740 7513
3122 9764
789 1796
1670 8379
1900 7776
3368 3166
6757 9671
1706 228
298 6560
9419 707
7325 322
6495 328
150 8651
2476 2709
281 49
5531 1477
7372 5726
3134 1269
9315 9560
2650 2903
2617 5575
8085 7052
1698 5197
563 8560
9964 7034
5415 2148
1262 7349
2812 3536
9366 4761
2696 656
7607 5558
5160 6318
9009 3373
9059 3517
1466 6866
2354 8044
5757 5043
3122 4953
1639 8138
9154 1988
308 9161
851 8795
4754 2744
9133 9252
4944 5970
9173 8740
8249 3768
4597 566
3036 6544
6757 5272
2832 2941
4038 3543
8203 8218
4994 3827
2350 7968
1268 7424
9578 1342
4322 3551
2564 9208
2009 6803
1395 6347
1443 4189
868 7118
5802 7111
9054 2380
1514 1223
9035 1664
1102 4636
8063 2100
6811 3229
5081 8543
8217 9341
1262 306
3485 6556
1033 5392
4177 7811
7642 4237
3524 5534
594 4361
2238 9567
5833 1187
9514 4066
9461 8842
8045 2194
7101 185
9296 6892
3953 7221
4589 7388
1355 5937
8022 9915
873 184
8773 8987
6595 1422
5931 7935
3774 8554
8324 39
6580 6139
6662 4311
2318 3749
8520 1744
6095 5696
2473 9374
5663 9834
1236 6332
794 5367
6772 4342
523 2529
6193 8344
6027 9243
8380 8711
22 6076
5814 7982
696 432
7686 9028
9949 4202
1945 2023
489 7907
2768 7430
2904 6034
1101 3502
3167 4533
9756 9122
7284 9019
9925 8217
2006 3692
9230 8130
9511 8355
4854 3960
2470 4372
3941 9517
2497 2393
3902 3140
2112 3723
3859 2075
7273 292
3901 1301
4827 7038
7055 6153
1355 6365
9252 2733
1187 7544
3032 974
8784 3993
4928 5398
1794 4861
3995 8945
3941 2606
1746 7046
6038 7153
516 5232
980 2534
5579 2563
8549 7334
6561 4880
1982 7653
3681 6087
2930 4301
4146 7975
1779 2671
2872 805
306 757
8708 1213
7804 3537
3206 5593
4163 3659
430 870
9943 9874
8597 720
5126 6817
1322 2154
9473 219
1741 8167
2459 1157
2808 1204
4185 4573
7123 467
1295 5128
8577 7061
6139 2573
3069 9746
2571 3697
6177 3345
9667 5124
8952 2359
3993 9959
5105 8737
1774 6062
7412 7116
9654 441
333 5050
7386 9002
3437 6831
5663 5617
3645 8988
178 6853
2209 5405
1818 7616
8977 9551
8224 5569
6399 9016
48 1285
9278 6178
1163 5711
3139 3035
7427 5674
7133 1418
4224 59
4344 3481
7454 9625
4140 4433
740 182
8914 6156
8852 5002
9015 1252
8696 7015
4345 5923
1139 3610
9590 523
3102 8324
2072 5708
8012 1766
495 1033
2299 3697
1424 9358
9328 2225
6561 38
1480 2948
8662 966
9441 1476
4413 5909
3739 4527
5393 8433
3145 9722
4053 5555
9232 6660
4260 8289
4907 9770
9731 1862
2843 8688
9914 5478
1909 118
5520 1539
1929 8343
6042 8277
5036 4899
2308 6303
5322 7716
6783 2360
7028 3450
4221 7822
4609 9615
4737 2030
7968 9707
9013 2050
4271 7583
2283 7678
9613 3865
6574 5731
635 986
4303 7065
5253 5717
7862 8177
3209 7934
1706 8275
8255 6117
2328 3646
1964 9591
4620 6553
840 7429
2252 9099
9700 2883
5886 6537
6898 8626
2776 5451
6367 9799
6458 1085
3918 1874
1705 3644
907 4403
2297 1595
5002 3877
5365 4526
