5000 10000
1747 1866
4959 1363
2753 727
4052 4286
1998 2503
821 2288
4664 1859
299 620
564 842
2854 1939
2291 4444
4738 740
1106 3230
2348 60
4592 4118
2691 62
2151 1498
2019 101
958 2783
4697 4982
3920 1613
2849 1767
4448 821
1930 2022
1558 3454
2232 2485
3137 4979
4886 4699
125 3893
1987 4120
350 3114
4658 1835
4460 68
206 1066
3955 1547
1965 719
1202 1152
2369 400
1538 3368
3459 2782
1181 4732
3692 3260
3368 3869
288 187
4664 1858
4274 4133
2111 4973
1053 340
331 2457
4193 3880
1415 310
2324 118
1383 2468
3951 2705
3794 2179
4885 1891
222 2290
2346 659
675 3731
4592 3699
4141 1306
506 1904
4659 1545
4338 2676
4025 1813
237 1773
2980 3919
2423 2146
2271 3690
2692 3222
3125 2184
2316 2108
4068 1346
605 3120
3807 3516
463 3140
3040 2338
771 2079
4481 2294
2249 1408
4007 4225
25 4743
1177 1457
3091 4296
3009 3390
2669 3423
2821 1710
4389 2731
2731 4808
4198 3215
473 1943
4319 2489
583 181
1580 3455
3269 2954
4294 1059
2730 139
3888 651
1922 1650
2286 3474
3025 1418
1239 4894
1346 3654
4226 4083
4145 4715
598 4106
3965 371
3587 3874
3104 1213
233 2338
2661 1803
812 2265
2592 928
961 3963
2100 3925
432 3687
142 2722
2865 1092
2945 874
3950 1844
4614 1314
3483 3170
855 1413
3637 1559
4716 2254
4856 3722
3600 1761
1288 2810
2463 4585
3843 2362
4059 4632
2462 2094
1598 984
2760 4526
242 3167
501 2604
2506 3617
247 4779
4916 3640
1164 4889
2134 1529
4370 2420
4369 1557
3302 2350
1021 4419
3517 1586
2802 1033
4260 4855
3349 2530
3799 1113
3247 361
3029 4772
3071 1596
202 3701
2033 62
683 2141
4886 1305
261 376
1778 4900
988 613
421 4876
3200 3185
3511 3648
810 1089
4151 4866
4703 3169
1206 2703
3983 3187
254 2467
4459 4307
802 4576
2322 3138
4347 1101
2320 1655
2760 1316
3468 4093
2236 4757
1003 908
1823 821
2466 2932
4015 2414
4135 392
894 4549
4377 817
3026 857
2511 3187
3073 4941
4662 852
3082 2549
2790 303
3246 1682
3324 250
1000 4198
2445 3988
3084 1948
1171 4018
332 4167
286 1000
1442 4788
4628 1878
2049 3503
2232 4797
4988 719
3815 802
2774 1734
2599 4925
3218 1504
4665 4907
4338 317
4093 3308
242 3193
4981 2513
2393 3601
4933 2860
824 3828
2419 469
560 4333
2599 2518
2579 3652
1912 2762
2032 3035
1998 1823
916 3960
628 4412
159 2050
2303 1585
2436 4458
3067 1527
2258 3253
4594 2101
1354 4720
2342 1552
669 4164
743 2548
4691 703
2613 1663
3732 3594
318 554
700 1893
2087 4662
2065 2884
1147 4170
4963 496
4364 114
4455 3752
1118 728
1039 2560
2064 3412
2060 4891
513 4053
3956 3741
3566 1024
1567 1976
4739 4624
481 460
41 2545
3757 1135
1798 675
652 4731
646 669
2488 2877
3282 4332
4016 829
1393 4918
590 2804
3157 4627
346 1978
3901 206
1496 1534
2012 1754
837 473
4907 3633
266 2080
1469 4634
2720 186
2679 3776
1725 512
1657 2504
2997 936
773 4326
3341 1619
3225 2223
2670 1753
1471 2764
4019 4249
956 3464
2215 3708
3737 3065
631 1934
1755 3955
1446 3348
2443 670
3035 4221
2323 565
2191 4596
2736 1697
2547 2373
1311 475
1756 4462
1220 14
2988 91
2504 1599
2610 4914
1405 4458
910 2144
655 3424
1914 2967
2864 2510
4203 2485
1915 1379
3326 1997
4877 402
3882 2827
131 2122
967 1203
3644 2279
3344 1186
4785 1548
4313 901
3078 1875
613 1714
1096 3454
1557 940
2294 1408
56 3388
3131 519
1687 4808
4366 2543
2051 3991
4801 506
176 3180
2595 955
498 2564
2926 2146
865 2743
1358 2773
1183 2777
910 2801
2662 653
1745 3877
2038 4067
680 4567
769 1398
3084 3924
3176 2203
3375 3450
2905 277
892 2767
2807 3784
3186 1587
2740 4182
732 3385
1891 2148
2721 1933
3738 3094
445 2224
3190 3320
3384 4380
480 320
1993 4624
2655 2153
1875 2568
4356 4252
2944 3822
3232 4854
4518 4507
1759 823
406 2939
1514 1739
379 4407
2040 3140
379 3388
4580 4507
2494 819
4664 198
625 977
410 1719
2060 2859
987 2063
1509 4201
768 186
3242 2300
3669 4406
4483 2226
1790 1497
4248 267
4648 3216
1834 180
1585 313
2956 367
593 1923
1799 1487
2657 2759
3815 3765
940 1611
2496 487
2326 1422
4835 2239
4547 4169
3804 3471
222 3508
3988 2734
4488 2103
4153 649
3660 165
486 604
401 4318
1246 2648
2098 2910
4461 2639
920 3456
825 1069
2148 423
183 2495
2005 1480
4963 4225
2995 553
3825 3602
1652 4373
950 1240
4822 1789
2567 4109
3614 2697
1400 69
1849 1977
1211 212
565 3351
2889 2172
1717 1748
2574 1296
862 1812
4403 4944
2973 1538
1249 4661
2666 3131
3814 4060
3510 3173
654 2425
1258 922
678 1533
1082 4170
1691 2107
1548 716
3621 4982
2232 700
2697 4353
4332 1302
178 777
2659 4299
391 3544
2096 4827
4699 1373
4301 2484
1736 598
1110 2839
2507 3153
1968 208
3839 1336
1499 3771
182 1355
1266 3304
2207 4380
1545 3191
1131 1467
3409 493
688 4961
2436 2039
740 3707
1879 2647
3181 4667
3543 906
3489 841
661 4981
3944 562
1880 2704
4430 2976
2324 783
1575 4656
2416 2086
1945 958
3665 4382
993 1925
1205 72
729 4236
2793 4469
4395 235
345 2227
4524 1098
1086 4510
2567 1417
3983 64
146 4708
4775 1420
3977 3233
3069 1983
4828 2690
3987 1437
1086 954
3648 2100
326 1851
4682 2707
2376 1179
3043 4835
1022 4773
1642 2366
1985 4773
3042 1579
1211 2358
4354 2270
2806 1132
382 4588
1383 780
402 2767
4497 4064
2855 4172
584 2764
3995 3658
3960 4700
2339 4212
928 2014
171 2907
1330 4325
2757 2642
1085 4593
817 1124
231 4189
1373 3220
739 2098
1640 3737
2968 3400
52 4301
4653 1158
3155 583
1012 4790
2114 1388
1680 4603
786 3039
3670 3038
546 2808
62 3153
963 1444
3538 1302
4437 2296
2129 1289
3784 3797
1440 238
2104 371
1830 2138
1978 3604
1177 3362
1558 2361
3821 3488
1387 2143
2369 2276
3938 4774
654 2765
15 1613
4651 65
2555 2613
1639 3256
4162 176
1083 3903
436 4547
714 4550
4437 4887
3604 4570
1934 795
4688 4978
1736 4714
3171 4021
2019 1404
1066 859
2158 3197
345 3366
2325 3579
56 3057
4250 3069
1239 2292
3348 3527
1941 4926
1914 4282
1390 557
1794 4995
653 1428
1232 3894
2489 3550
609 4790
1512 4241
3260 1636
3041 747
3304 4797
2217 3321
1669 1126
779 3839
773 4382
4112 2862
3353 4476
2205 2988
128 2447
1491 746
2666 2122
4002 4289
1656 809
2555 2668
1706 471
566 3680
457 3826
2120 1940
4426 4439
482 4981
3837 4190
2558 2755
2988 4731
895 809
3388 2259
2129 1545
2992 263
4213 2372
3477 3240
3020 4463
4901 1714
1829 1218
2277 2373
2143 4440
235 823
1121 2985
811 88
2645 3901
4618 1260
2198 4739
2768 4163
2814 1284
3626 3180
106 315
2346 4801
470 629
3814 1439
1521 4607
4918 3649
271 1113
2805 1211
4224 1826
1349 4571
2927 1179
3656 4510
3126 2882
3344 1101
4320 4293
4241 69
2578 1326
2122 3680
4363 2633
2028 3735
3879 3663
3615 2485
2349 323
100 1330
1319 1103
333 3594
1162 501
2268 4001
722 4061
4725 66
2492 2408
910 3057
1068 3809
489 175
1907 1631
2782 2524
3247 4526
3181 2508
3793 2361
3582 2949
2690 181
2823 1187
1437 3216
4075 2834
3192 7
1378 2948
176 2221
2266 1200
2636 3787
3705 3966
4587 4707
90 2949
4568 3042
3506 2411
2120 4546
2256 1322
955 3629
3240 2135
1458 2605
1403 2863
4091 3497
3675 1117
3443 2712
523 3194
4576 995
1583 1095
4075 2987
1146 2334
2036 2256
4756 3154
469 2540
2883 22
3487 715
2905 896
1994 2698
1220 1237
63 1746
3864 2557
3103 4918
2083 4915
2032 583
3124 2179
89 3374
2013 2893
2421 1960
2617 3507
2316 1910
1595 2790
4857 2537
1064 4147
3291 173
1370 3710
3299 4
2219 4929
594 1285
979 2091
3831 3336
4910 1923
924 4849
1254 4601
3670 2532
4353 2954
3418 1431
3872 2524
1270 4154
2769 4819
4848 2909
924 2590
4322 2248
4834 4882
3104 3359
3534 1702
3082 2289
859 3622
3763 4556
129 165
4930 4469
152 563
4738 4513
497 2596
803 2705
4501 339
2926 3186
4505 699
3984 4839
1699 2544
920 3069
2146 1676
4668 3132
1831 1857
2147 1641
1882 4145
4500 1372
4932 2141
558 342
129 4151
125 4843
1795 372
2573 3351
4667 4280
2685 1036
3206 1118
1035 4299
3828 4971
2557 4760
2370 4485
2574 2803
4166 3546
2320 1688
4267 4037
680 1611
107 1151
2826 2004
1221 918
4911 3643
2664 1961
891 738
607 184
3987 4049
3443 1638
2342 2787
4028 2508
2185 3225
3182 4549
2015 231
952 4531
762 1072
3919 876
1755 2350
3555 2922
3791 4155
1843 3255
258 2332
268 257
1972 3733
749 3235
2504 4371
774 4335
3095 90
1331 2196
3660 2304
4547 2374
1173 3551
650 2109
4968 2386
3225 1763
3433 2396
3765 2699
3086 184
2945 4638
2342 2242
1815 1237
203 4544
960 2303
1305 21
819 2417
4877 2142
2047 4190
457 4296
2800 800
4198 2149
945 3857
4139 4891
2834 4198
2781 133
3144 2460
4457 546
2845 1160
1402 1202
3624 3198
134 3424
382 682
340 878
2081 1340
4254 246
4599 614
742 2681
2472 3717
800 2894
990 1143
328 2086
2362 4730
548 1506
9 4290
427 3987
1453 2154
2846 1246
4527 4342
3682 206
900 1821
1893 124
3019 2463
4963 2406
1741 1168
1530 4281
1134 1058
3477 2523
2230 885
4857 1443
839 3502
1775 1283
19 1216
4776 4266
2994 1481
2151 2942
1328 1557
717 4226
489 1170
3287 1156
658 4538
4422 1589
1776 801
3968 4309
4257 3357
1099 3309
1539 4814
54 2570
4169 334
973 2011
3549 2735
4584 3963
4157 359
2208 801
739 49
1547 2500
3041 4851
2044 90
1556 2776
3945 2640
2085 3953
2565 3465
2860 865
1733 539
210 1577
3976 850
279 713
546 4856
4659 4317
4596 4975
1425 1089
120 1294
3369 1920
2744 867
1397 2549
120 467
2455 3843
4160 1158
2315 1045
557 4578
2482 560
1255 2977
4817 403
4429 4411
1021 2690
4771 486
834 1515
1510 3486
4787 2103
3494 976
2719 2110
2099 3282
508 4183
3297 2166
2945 3541
2381 2470
4561 854
1055 4282
3393 1381
2821 461
2942 4960
3732 4143
4869 2103
3650 196
1563 2324
1266 2177
3578 1385
2251 4489
156 2580
1596 516
3306 4714
2600 2081
949 1861
3643 658
2245 247
2668 1198
2996 1862
3216 2314
4327 2368
2330 3072
4393 934
4406 3917
31 3820
635 3253
2426 4001
1114 3587
3429 4836
2170 3376
1838 1601
2478 3291
1038 1437
3646 2659
3828 3991
695 1335
598 4640
1419 4149
3945 2518
4181 4501
537 1748
2319 4982
1646 1521
4225 140
4414 1635
4157 2743
2919 2851
2735 710
2960 4376
584 338
4182 251
4867 4615
2624 3531
3525 4197
2263 2417
1580 827
2843 1748
3377 3288
3335 4644
1695 2144
4297 389
208 4445
4665 1159
999 3579
3247 2630
2149 1461
625 353
3799 2208
1470 972
439 4464
3073 3558
4613 231
1931 2023
3177 4350
1093 2400
4373 1110
252 4754
1808 1724
1092 4816
2166 140
4 713
2685 2312
4843 4550
4175 1689
3007 3063
2912 3268
643 1232
1912 2321
2242 1523
1095 760
1355 753
3823 1535
3005 959
514 2715
4700 2127
4623 273
4774 3395
528 115
2540 1277
4782 146
3992 2569
4193 3531
4744 4819
128 3350
3740 2629
1691 4575
2202 4145
720 3722
966 1579
1372 3484
694 1129
816 4516
4590 166
2567 2232
4770 4065
4032 2228
4711 2697
2233 4750
882 1667
3396 4269
2218 3924
4743 4167
1865 3829
4497 4777
949 4274
2069 3242
2411 1118
146 4361
2190 4213
306 463
477 1162
1772 1088
2423 4598
2827 2429
2951 117
1780 1415
562 1468
313 2871
2927 2208
1424 794
1624 471
1977 4711
4096 3678
711 2914
2836 1945
48 3037
2051 3404
182 3223
4875 4650
2819 989
3647 480
1019 1308
2140 3797
4403 1416
733 3110
803 2093
2735 4252
2934 3421
2777 2901
3457 228
2954 1160
3374 937
2357 3083
997 4383
1396 3915
1263 3254
3341 2666
1557 2556
2959 1420
1327 2858
367 2080
1508 3114
2870 2995
1497 4688
646 1404
1829 246
2151 3097
3229 2440
1589 1638
4039 4390
107 959
2525 4460
4867 3698
4700 4144
217 2785
1255 3702
2905 4145
3226 943
601 4197
4550 2652
3927 4924
44 2402
2972 437
921 806
2463 605
2584 1441
2454 3598
4299 2744
1596 152
3716 1233
2784 2291
4970 3622
4722 4154
3498 944
1112 1368
1983 857
3929 1747
478 1491
2601 4539
291 980
4892 4694
3586 3328
685 3022
3249 4884
2152 749
4708 481
2223 3429
372 2101
1233 1166
3964 3320
283 4172
2744 2257
4129 2596
697 2348
2259 1686
4019 3676
2436 3043
1043 3621
3620 4900
3634 4862
4718 130
2407 3107
1461 184
1223 4388
3469 776
27 1799
4669 2900
610 3953
4341 3467
120 1217
3978 4064
4546 1000
1018 2247
75 2587
4919 1086
339 3697
4952 3220
277 1408
3638 413
163 4310
4565 1678
380 3959
759 4106
3402 1970
2305 4027
827 2632
3777 3371
428 3390
4245 4243
4718 3500
2893 3769
3314 3369
3687 1365
4694 556
360 1071
106 1858
2738 1348
129 1326
3261 440
2262 4417
3960 25
4703 2823
3948 2282
4128 2183
642 4370
994 2632
4983 2972
3309 2503
969 2018
1341 1049
2210 93
1812 3938
1715 450
259 1538
262 1046
1199 789
2189 4316
1309 771
2314 2508
1642 4713
4717 2628
4088 4865
2791 4761
4452 1510
3147 4211
1131 4388
2205 1450
3692 245
4431 378
742 937
3318 4568
4997 3495
1966 1682
4398 2495
786 1930
4157 395
2582 4290
1107 4603
3314 3446
3762 4615
4588 1430
2069 3140
2678 4631
1669 3098
3686 1663
2596 320
1696 957
1789 4238
530 3083
3769 115
239 1934
2221 2516
4909 2019
2324 2711
4336 2418
4109 4231
4188 1800
3116 2845
3461 931
1225 168
830 4054
221 3517
2184 786
4474 4276
2006 2139
3875 1833
2747 2578
809 3754
3812 978
3368 4028
4570 4133
1636 4349
1209 1163
1723 3396
1506 4985
976 4548
4907 2621
4172 1074
1166 909
1799 737
1809 1875
257 2149
4562 1713
4388 1537
1870 401
82 2488
1987 2171
2312 4285
2302 6
506 4995
2654 989
1622 645
3887 634
1821 1696
1051 2092
1868 1089
2678 3102
603 2068
1261 167
2763 309
3722 4051
1763 990
1727 2871
106 1064
2709 1505
2007 3072
2972 3819
2696 2528
46 4573
2216 4162
1832 624
1850 4358
3186 3467
206 517
438 521
4273 2031
2030 1384
2152 4758
4247 3400
3760 1867
1604 4417
774 1016
4513 254
3607 4315
3031 645
4133 334
2340 3141
2390 1717
349 1677
3925 4320
1274 1639
1615 389
2817 2331
3612 4678
1295 3531
3442 2789
3352 3719
2662 2059
3950 843
735 4914
2974 3414
1699 3009
4150 1784
3203 4550
4319 2302
3506 2787
3667 58
2015 4287
3527 813
724 2255
1151 2883
3857 3360
188 3796
4587 2059
1521 4982
4803 2442
2212 874
1088 1016
3070 2093
487 210
1042 147
848 982
1116 4460
4899 893
4716 3070
2612 3054
2517 2895
3338 3424
3977 4570
1620 2424
4398 4747
703 3091
3081 48
4062 3814
4990 3853
4141 2943
4954 3826
4320 453
4373 4924
861 1520
4174 4656
2890 291
3452 240
2787 1365
51 1998
3461 938
3524 927
4347 1432
3881 3676
2712 4615
4109 3022
1053 2862
4908 1416
3794 1138
990 678
277 54
3524 3672
255 1917
3261 696
665 3172
194 1962
3534 4875
4109 4167
3114 4729
2056 1045
3641 731
712 2152
2234 4402
4108 1672
2166 2298
3548 4997
907 4437
1365 3485
4010 419
3508 17
908 1428
4386 3854
1841 4914
2338 172
1869 3617
3625 1149
2040 171
961 1994
4001 185
951 2106
1377 12
1399 354
4311 3606
4534 4508
3328 3033
3169 4913
3396 4385
3884 4180
1217 1765
1546 1085
1013 1061
4732 1940
4226 502
3184 212
2304 511
857 4015
1422 2556
4039 1959
642 2591
1063 306
3999 328
4646 1795
1951 4564
4846 2502
1320 482
2385 4357
3727 1810
4370 1969
4828 176
1339 4150
2704 3618
3381 2816
4162 2089
1631 1218
3279 1213
4685 171
4205 408
4970 2829
2840 2260
2902 639
3302 2954
491 3018
31 1249
2912 754
2069 465
732 343
1890 555
146 4129
4410 3756
2836 4720
4396 312
3848 1632
3640 1397
187 4441
4951 1584
41 508
913 3443
4201 740
4564 540
2104 1508
4872 2703
3128 4948
3339 4997
294 4402
4496 1482
4811 4255
3616 29
2689 3338
233 601
4478 2951
1292 4701
2562 1450
159 4670
2724 1222
3853 345
3625 1090
4837 4233
4851 4559
83 3265
2558 4542
115 4630
603 785
3099 2017
701 423
4780 1375
2037 650
3322 698
1843 417
1113 4992
2020 3065
3704 4935
503 2910
4696 4500
3866 2563
1058 4230
1197 841
4150 2301
39 4857
87 4824
3473 1070
4094 3800
1900 830
1156 1349
1919 4331
2306 420
4988 430
814 3550
4719 3432
1208 4024
2661 3119
3606 3636
3233 4701
4102 2451
3280 396
679 1871
1885 2032
3502 1819
644 3218
4693 889
1967 3782
1230 4613
4518 3257
2330 1541
3150 106
414 1884
1212 863
3280 3796
1633 1153
4002 3244
992 1473
4346 4640
1035 2618
3140 148
4077 1276
341 4085
1253 2958
727 1677
4321 3930
1905 166
2229 282
166 4915
2863 288
4673 3796
2585 2652
3762 3592
405 1580
170 3120
2583 4138
423 4992
893 2615
3702 1298
4383 1035
4972 3121
119 74
909 270
499 3056
3382 3052
1555 619
2526 714
2730 3363
731 2102
2460 598
1067 4612
3299 1422
4675 3040
2862 3153
3220 4194
290 4894
4884 108
2477 2317
2729 388
743 228
3834 2825
624 1931
2796 2398
1668 1717
2264 1479
1431 4726
2403 4668
430 2834
2513 3457
1542 359
2332 2917
45 929
2105 3709
1618 4860
1752 4240
2210 4656
2145 4200
1913 343
35 2619
1226 2892
1442 4983
1563 7
4254 3668
3750 2842
3976 2838
2110 4232
4055 263
2508 3311
593 1314
44 1601
1910 3379
1782 4977
1423 312
2881 4844
4726 1853
3224 298
179 3356
3588 1760
3517 1981
2643 61
4630 3454
4000 2671
4898 3322
817 1629
1917 605
902 1774
298 4760
2111 3289
931 3130
4350 3984
2511 2465
1794 1402
2861 3076
331 4989
4716 1483
4163 1385
3300 332
4754 4962
154 1531
1208 2055
483 708
3286 3310
2805 564
2665 826
82 3785
797 1744
235 2509
4918 1905
1671 1793
491 125
445 2182
3773 3133
85 4570
2261 2742
2683 4848
3842 911
3496 3244
2824 294
4714 202
1472 1413
4323 257
981 1187
19 1093
3057 3045
4375 1213
525 246
1649 2400
1434 1078
1888 2128
4100 4812
119 1303
3326 2132
4104 4030
692 362
612 3742
2573 1971
1939 1946
4601 1167
2846 4172
232 2930
3943 2552
141 4136
235 4999
1508 2343
3794 3129
1477 1525
4217 2184
2471 4485
310 727
1946 4696
2725 618
3702 2418
3830 4247
1798 2430
4405 2086
2920 4289
3750 2383
3348 3488
2732 474
4460 660
4690 1178
1857 1009
3289 3317
3613 4783
1300 4223
3636 1113
1895 4150
2901 2686
1903 1935
4928 4551
2071 4671
4286 3693
4666 4484
2257 4247
4782 4003
1351 271
72 3389
3815 3336
2780 194
1697 870
2029 480
3591 2741
3509 4010
288 3634
3374 4703
3008 1477
4032 2077
2331 1362
1722 1819
2536 3284
3015 4669
3284 2881
1289 4384
4553 2791
1054 2573
2720 624
3605 2513
3156 4092
4434 94
3987 1951
1822 4987
4508 1408
669 3308
3826 682
1124 3575
3103 3616
1539 391
2582 1465
3200 179
3922 1800
3885 3058
3921 1033
2546 1655
3959 3711
2818 3683
1287 1701
3659 441
1753 1093
2532 3100
3671 871
669 3234
2584 71
2549 4720
901 4846
3984 3800
1217 1144
1420 2696
2330 2726
30 2953
4744 644
995 1685
2919 363
4178 900
1163 1434
2055 1265
1375 2804
2613 132
3399 2110
3698 4303
523 1723
4458 4953
1448 4165
2948 2916
3353 4385
445 2635
1338 3521
2900 1927
4503 582
713 2809
1189 1053
801 4998
3320 1889
2106 602
1360 4754
3197 647
1854 4442
3187 1583
2826 535
1252 3832
1285 1308
534 2394
1670 2295
179 4000
4289 3295
2849 232
4709 1209
2930 953
221 2822
2969 1935
2751 1311
665 4487
268 2288
423 865
4323 3643
391 4244
1262 3614
780 1091
2320 3058
789 2411
2993 1474
4390 4792
3260 4071
2413 1224
46 190
4339 2317
2879 4387
109 3131
3181 1688
465 4075
4317 1418
2448 1933
2639 1029
1260 3212
3822 2372
1397 3661
1637 4864
3890 435
3754 3559
608 4131
2064 3331
3759 4156
173 866
966 570
2613 105
2594 4664
1712 2079
4899 1614
3601 2627
4145 655
3253 3955
2596 744
1399 407
353 3465
3003 4478
3161 3441
161 3951
4178 2657
2447 4872
396 393
796 3436
1643 2069
1337 4191
1696 1060
3793 3192
4524 2275
4273 3464
3923 3652
3182 2605
4882 3838
2202 4042
3824 936
4074 269
1746 857
2020 1382
1095 2333
1178 3748
460 2623
2961 1393
3704 2364
845 3471
2358 1187
2872 875
4489 3192
3196 4884
4620 2468
886 1983
2523 950
2706 4931
4380 3672
3277 4598
1593 2190
3997 1472
3360 4626
307 323
3846 4869
4352 4478
4576 25
1299 3822
1315 65
1412 4265
2961 4795
401 386
2177 884
847 4308
872 4753
599 1656
4678 2461
2008 1644
2536 2879
994 1246
4383 1553
4753 488
2860 4200
4023 202
397 2491
2258 884
4637 4262
3394 3078
4437 660
205 228
2994 4663
3600 2613
2427 306
2867 674
2499 1126
3746 3215
3531 3128
489 1402
637 4894
4647 4762
1426 4447
3983 4472
2247 737
2426 3738
341 3606
1736 4040
2478 577
4644 1784
791 482
1515 4260
4704 4010
490 4010
1961 1171
579 3376
1339 133
4581 691
892 4204
30 4078
484 1784
115 530
4495 2702
753 2581
2274 757
1585 218
3756 673
3486 3651
3002 3989
2405 4837
4354 3561
1376 4597
4061 2059
1941 995
3199 915
350 988
3010 718
1434 3392
4323 3860
3343 3931
2044 3083
4656 2959
162 1555
353 2624
1372 2564
1147 4478
4175 4012
3117 3830
2102 2284
3585 3270
4803 4361
288 3432
994 2300
4378 4466
2956 2691
339 4543
46 1020
2251 2319
1326 866
437 1636
3214 3076
1351 2912
1714 550
320 4837
4518 4512
2016 4524
1313 4701
2352 3436
381 2720
4436 1005
4357 1911
1724 3599
3948 2316
56 3676
1197 3075
2116 132
4437 1544
4705 1202
1196 887
1600 4105
1933 3203
1118 1187
4123 102
3924 440
544 4576
140 1899
379 4897
1658 2662
2884 2536
4406 4038
1568 1892
128 3151
447 2548
2013 4317
2098 7
3101 4463
2598 712
3242 3816
1994 2571
494 3699
3109 1523
2804 181
2584 739
2172 4367
4371 3436
1885 4312
2934 3871
1584 2741
674 3236
3209 1863
4086 1303
4241 4314
2399 4738
4566 547
1565 1892
1588 897
334 2672
2830 2222
1995 714
3224 917
221 2139
3449 2709
3984 1835
3817 3592
922 1825
3607 3882
2999 3245
269 3792
64 2331
1361 3912
1151 2629
915 257
3837 967
641 1302
3226 4824
386 835
2369 634
233 3818
3533 711
3357 1075
4407 219
3026 4403
763 3975
1361 2223
1925 1965
4084 2537
2223 2999
1515 3327
3547 4199
2947 2445
1934 1690
1922 3433
2354 2663
4646 330
2313 2604
4584 1046
274 3314
1749 2330
1350 2832
2703 1663
1380 2609
4629 3138
2852 2136
423 654
1127 1745
3216 1006
2560 322
2893 3102
3946 4654
3597 1000
3957 126
690 4920
1715 4359
876 1127
1624 3607
4266 4296
1923 1117
2632 1338
4910 2853
4616 1050
498 2203
3343 643
1537 4583
1361 2025
218 3727
1285 2886
4298 2569
4705 1062
2422 3477
3526 3725
1887 2793
313 1262
343 140
140 4506
2135 4363
3671 2217
406 1739
4396 3600
2136 3788
4312 4453
4532 3904
1384 822
4960 4605
762 1134
4397 1962
1963 397
4170 1264
1806 2522
2671 3624
1175 2044
2593 2864
4590 2806
4552 3791
3368 388
2012 509
3809 4691
695 2917
4516 3562
302 2403
2946 613
2495 3901
2435 1887
2832 3326
2938 4810
4188 3832
115 4639
3755 2804
993 2048
4257 1443
2166 3272
4256 2207
2157 3850
3323 3597
4194 4967
1499 4063
125 3135
850 3660
1797 1165
670 3717
3245 3821
369 4416
823 4996
4129 3143
4547 3772
4949 4465
431 2683
3757 2908
123 3788
1566 2180
3505 4993
778 2732
251 4528
2778 1612
3621 1097
4988 127
1749 357
2480 1280
1610 2223
964 2984
2584 4361
1263 1481
3182 3294
3309 1582
2019 1935
818 3467
529 1425
4632 1367
2673 986
929 4344
729 885
1745 1054
766 3039
3666 964
3249 407
1346 4873
4143 100
4754 4360
241 1273
2642 4820
1557 162
40 2714
2181 3323
4963 4065
4325 3045
2875 122
1280 4658
3294 251
3293 2668
3413 639
816 2564
3305 1001
1277 2327
1406 425
2709 3951
2243 2260
402 204
3956 3733
1769 4637
1275 2876
4273 679
4973 1497
1579 3429
268 4417
4127 4503
3600 864
3331 2547
4518 967
2902 3208
3121 3299
3632 4724
2459 486
282 4542
3177 3890
1895 1334
3630 3157
1535 885
321 166
3354 708
1426 4938
2959 4427
3431 4037
1992 2826
4122 3306
304 2294
4552 1607
878 2034
4675 4
120 2493
2795 3150
1118 2674
565 2269
2398 985
1872 3736
1888 2121
36 3693
127 496
2011 1591
1867 4404
899 2693
941 3036
1589 3222
1493 2935
1809 207
2042 4970
3305 2640
4320 3187
709 1360
1257 4783
1602 1004
3473 3838
589 4643
4688 4451
1288 3821
2904 1468
1375 2722
4980 4395
3103 141
3643 3205
2010 1596
4973 3585
1369 3266
2405 487
4349 4122
2720 1502
1105 3110
2015 315
3234 3251
2545 38
1627 3398
1084 3627
450 587
1365 3830
3574 4790
1108 3005
3895 3613
2239 218
1967 907
3423 2335
3591 3778
2747 2966
2486 2858
4893 1251
3424 3911
3422 2962
1400 601
3999 151
2790 3508
1269 1125
1868 2094
2987 799
730 3308
2409 3739
4492 3238
3796 475
292 4618
291 3945
177 3347
3583 2726
2067 3800
3188 1115
78 1523
1847 3953
3316 2762
4068 3797
913 4599
4396 2235
2844 2944
4429 1745
3845 3674
4179 2040
4618 2123
2790 1197
1107 3614
1436 1459
4330 2244
540 1322
3899 66
2299 3843
1852 1611
3255 4210
4991 1364
3268 375
3472 368
985 1890
4726 4657
1343 2101
2176 1312
2000 544
1654 2608
4779 4821
2525 3537
2175 3095
1256 1796
4250 67
4357 1607
2924 4680
907 610
464 2708
1688 3880
1453 4873
3916 1309
1758 1318
2425 1104
4907 4729
4286 3771
4335 4685
4642 3841
73 2696
4578 3808
424 4019
1706 4678
3987 2254
3900 3753
171 442
171 50
4022 929
4128 867
1200 4472
1975 620
642 1570
4426 90
2631 4517
4652 1031
69 3472
3830 4542
3268 4669
4698 2680
4516 4539
2605 4504
563 3399
1835 1661
3867 746
237 2539
1601 4750
3623 4961
3347 4329
54 4077
3028 4538
3644 850
2286 1618
477 3112
2614 2513
1120 3742
3165 889
1333 1122
110 747
306 1424
1815 3602
4940 50
1485 965
2694 1227
2358 490
251 529
767 1712
3242 1365
618 4943
819 1775
526 3702
2717 2515
380 601
4996 2480
1503 2002
3422 664
1650 2312
2962 1959
3203 4370
4452 3858
4697 1362
4 1145
3753 3403
2484 4363
1292 313
2540 2649
1242 575
3588 3409
3249 985
4329 1932
1248 3025
0 3891
1075 4961
4839 1810
2738 375
2711 1217
3483 371
4424 1343
1544 2325
4265 2409
4662 3757
876 1073
4465 1124
4340 947
760 873
2978 3315
4259 297
3511 3610
1593 4350
2586 928
634 3480
2888 2800
3865 385
687 2086
2051 2491
4788 1995
1301 298
2447 455
4990 2571
423 2846
1175 3460
3025 156
952 3141
1833 1309
129 4747
149 3747
1616 4706
4043 538
631 2789
4983 271
4280 1995
3136 266
145 355
2195 2581
4092 4480
2461 711
3114 3956
1201 3754
18 1170
467 3905
493 2437
401 1366
4755 182
4191 2867
4884 89
2273 1485
468 2718
3524 2721
2201 4750
936 507
3774 1452
3984 2713
1113 30
2841 348
380 4194
178 1232
2936 2676
1499 1623
41 3744
2236 4372
3111 2091
3325 3940
3737 1512
2731 4358
3919 614
2042 1227
4862 1790
3237 1608
1702 2119
3908 2352
3198 1525
3091 1909
2225 2989
2597 4372
2123 129
4937 4650
390 2373
1624 993
83 1108
2149 4364
1800 4232
2697 840
4613 2197
89 4527
3380 4013
3512 1878
3593 4140
3230 855
1661 2379
3170 4001
595 2042
4471 3080
1672 4105
3712 2936
172 2598
3700 1304
4380 4031
3199 1776
3783 1932
3416 1130
2761 3173
899 2429
4745 597
1533 4584
40 3799
52 3206
1751 826
2504 1938
1829 2389
574 615
4891 3668
2642 4714
3918 3415
2678 4156
3641 4039
2767 4186
4567 1411
3635 3320
2951 22
1364 495
1194 4501
3101 4566
2037 1139
3542 3731
1859 2019
4026 1775
494 3874
1540 3769
2259 123
4533 4172
420 2239
2339 984
3897 1030
2556 1252
1336 1009
353 4261
1034 3131
197 4397
2710 2703
3701 1614
4369 2713
184 2404
4424 1946
4628 1396
4296 801
111 3323
3911 2830
741 2232
2228 3919
276 3066
651 1314
4428 3423
244 3595
3202 1541
2425 3662
581 2010
1017 4121
442 2665
701 109
1548 718
525 3935
804 745
3682 3170
1610 2269
2662 1614
3492 468
3337 2181
3285 1919
437 1270
597 403
4403 277
1649 1858
3350 1162
2356 2390
3008 1057
4391 3956
4566 896
1803 756
4057 4924
3919 4850
1933 2849
4030 1519
2949 3543
2368 1355
531 4550
3117 331
2567 1705
3567 1807
3247 4977
3963 3640
2613 4620
455 384
4649 393
470 341
2037 616
4804 1676
4987 1023
2894 4177
3825 1396
704 4743
1418 2172
4326 1215
4549 3752
2584 2131
4203 1788
1233 218
4924 3160
1463 2334
2927 837
3172 4493
2482 4595
2276 1909
3229 580
159 908
2078 4753
1293 436
375 748
3521 3187
2584 2925
3341 640
1177 2323
2098 4287
3601 351
4778 1618
4663 2651
3076 1847
1493 3973
230 621
862 3898
3799 170
1377 21
4466 4693
3508 2171
380 2606
710 2614
2394 536
2866 1281
1207 3080
3960 4766
2912 4540
229 1380
4776 4346
1832 2219
941 2864
3178 2364
1047 674
3199 648
4619 339
3247 415
3883 2125
4910 1420
4054 1495
2104 3141
240 1247
4232 1647
511 768
4747 2264
3233 567
4452 3162
527 617
1625 660
652 3352
1390 1088
1337 3962
161 1110
1466 74
4272 957
4945 4045
2277 3947
2371 2122
810 2652
2063 4365
3407 2296
2530 1642
4114 3872
4553 2064
1298 1259
449 4507
2004 493
4922 3777
1746 1553
4384 4560
657 564
4489 3566
629 2400
2190 4694
3160 351
1198 4325
107 4342
3811 3608
4227 2644
1333 4955
4608 301
1908 3264
3839 2594
3014 2091
38 2868
1484 669
3858 774
3083 2425
3949 1821
1288 330
855 3089
4933 4881
4527 3089
2486 4150
2389 1633
4529 2057
1103 4101
381 3532
4747 2813
4209 941
3286 3157
817 1077
4828 2072
4317 770
840 1186
2908 2289
702 1169
1242 2442
1499 4721
4183 2737
2177 1395
989 4791
3730 1313
661 4990
1775 111
781 2755
4742 1510
4724 2002
4749 297
595 1398
651 2020
2550 2856
4241 539
2494 3314
908 1666
68 3420
1305 300
3760 1990
3201 4144
754 1897
212 4349
4700 3317
2909 548
68 4930
4744 3343
459 3170
3542 155
2138 703
875 1173
1501 4189
1254 3320
1843 3144
2174 4028
97 548
2572 4380
1399 4454
2476 4796
154 4689
4425 4971
756 2218
2904 1345
1738 2900
3148 498
3492 3319
2112 1068
358 4429
3568 1401
99 2949
1928 4389
825 373
4978 1867
4807 3250
4400 457
3390 4639
1798 1919
4171 2960
487 4009
2097 2386
1135 2361
1008 3834
4833 3795
1660 1817
1979 3077
3988 2784
1765 1839
3588 621
3070 898
226 2532
2523 542
4224 4192
4906 4412
3714 4958
1401 1057
654 1089
196 4661
3432 3291
4759 2570
3607 3186
364 1833
3865 3591
2752 4488
512 4274
4053 4021
783 3989
1620 2235
4315 941
3649 3714
2679 4358
2108 2117
709 3913
85 4130
85 4086
2397 2937
4174 3522
2447 3370
3768 3304
539 4378
3384 4363
953 3620
2887 4244
610 3983
2151 2619
431 4284
786 4444
1655 3136
4630 2504
604 1765
614 2174
384 122
4462 851
2296 2083
4840 1074
4769 2889
3466 2435
1326 1732
1645 306
3739 4730
2443 2148
1505 3283
2992 2132
3447 4271
3272 620
3670 1555
4894 30
3328 1633
1521 539
3126 1011
22 4779
818 3218
3634 2548
1868 4720
3566 2946
2758 1936
2869 3094
261 3675
1005 2089
3321 1345
4270 4888
1993 1664
115 1033
2548 3882
3064 4689
1909 3021
1948 1216
365 4408
649 2676
3487 2132
1398 1103
2756 4073
2686 4067
1400 433
4522 2910
217 3544
930 2910
146 3399
4654 880
695 2239
3351 2817
150 3892
4896 2614
654 1612
3732 4604
405 1402
59 624
3293 4208
4810 3396
4035 434
51 771
3230 1150
1618 4717
584 2317
1850 3992
2980 113
1575 2000
230 1402
3454 1209
1717 1769
2524 251
3447 1155
1180 4479
4208 1398
3311 2734
3489 570
4626 4327
1095 307
2610 1019
344 4395
1553 4611
3442 3559
1833 1990
541 1368
1458 2877
1064 2689
4413 1806
2190 1039
2057 3322
3077 3295
1145 2481
2842 3455
4255 4640
3615 4113
804 1507
4411 350
618 1187
2339 4532
2950 1929
469 1846
1276 2323
4259 3796
4746 4810
880 864
4555 1161
143 4978
3075 875
447 2563
252 1849
3829 4114
4177 4940
2711 418
615 4690
4691 877
3272 4988
2155 3928
1678 2972
3393 1309
4727 4832
2005 2641
3084 1247
4704 2345
2933 3851
4678 4859
1722 4560
3242 344
678 734
3592 3114
427 2261
2455 2101
996 1063
4002 1101
2859 1223
3706 621
1367 3600
3403 2000
2484 2361
3589 2275
3782 3189
3360 1312
1275 1233
2864 1254
2197 1175
2892 3487
2784 1762
4463 2682
242 2507
2301 3183
534 4980
4624 4499
3453 4976
500 4170
1769 120
3944 522
1408 4749
1652 3871
1717 2142
2826 2192
1920 4410
2232 223
3158 1304
1986 3286
3385 2264
528 1941
4337 437
788 2978
1387 3929
2893 1078
3790 1445
819 3828
3176 4314
2183 1671
1333 4863
3059 1590
4959 620
3232 2616
476 1162
2893 892
4547 2068
558 1738
1391 3655
356 4481
1652 1187
2318 844
686 365
158 2157
3062 4146
3709 734
249 1264
3906 3894
487 2113
4376 4673
2619 82
3999 3505
3473 2822
191 3080
1367 2336
2595 21
4681 799
318 3095
4244 3076
3591 706
4842 3774
2463 1610
1271 1145
508 4531
1953 4218
1019 1307
2721 1434
2629 3116
1820 1274
2514 2488
3759 3274
1964 402
140 4308
2428 3003
146 4967
2777 1160
2489 1552
4973 15
2032 4175
353 648
2839 3636
2931 2855
3533 149
1617 1354
962 4039
3654 4982
1451 4811
2466 3649
786 2528
604 1195
1488 1773
4491 2852
2789 3201
855 2696
1801 3817
643 291
3929 1665
4400 1695
1925 730
1235 4694
2969 287
2888 3736
898 4064
826 1170
1731 971
2009 2629
391 3392
2243 1167
778 3753
2734 3462
634 344
876 4037
2536 4281
456 68
4375 2017
4492 2966
2122 2348
4148 3370
1527 3599
54 2429
2788 3919
3321 2566
3280 1471
127 1482
4656 1786
4870 1881
4523 360
4329 3739
3336 1904
2148 2712
402 777
4301 3371
2513 4021
1316 296
4499 1695
91 2209
3481 4066
4303 2444
1433 2119
3780 2455
618 4281
4403 4618
3801 4772
2922 4285
3019 1739
827 2642
4624 4022
2336 3809
3488 4266
1081 3964
1689 504
209 592
3255 3052
826 2844
139 3577
2393 2799
4061 1746
1708 508
929 51
1689 732
373 1026
2325 3614
2488 3970
482 937
3666 1723
2143 3693
3435 4629
2329 1584
487 3622
4769 1358
4989 3855
1536 10
3647 690
2396 1779
4628 1423
3920 2208
424 2480
4684 1349
3343 1203
4149 2298
373 1149
391 2396
4264 1363
1774 4077
4030 4625
2984 1706
1474 1527
1116 1708
1961 4742
3244 3214
2056 966
3729 4152
3032 1556
4886 534
682 1256
1201 1461
2921 2378
959 1955
3405 3629
3582 2742
2212 3367
1506 4235
438 3844
2419 4706
3451 1662
3593 786
2607 3756
926 44
4948 3743
526 3523
4826 1816
4306 2291
1950 4933
2622 2063
610 600
2682 4472
1415 2490
720 1184
1826 3782
3986 4482
4536 2047
3915 579
2204 2313
3198 1649
2289 1433
4236 3149
4672 273
378 1911
2610 3197
3821 777
2315 3297
4986 4970
1113 4800
954 2225
293 3708
1544 4927
665 4483
1081 2110
2299 3558
1681 3032
3465 298
2814 426
4671 978
4938 882
668 1136
2874 4952
838 3441
3345 4726
3175 1451
185 1764
4962 4927
4856 1235
230 1596
1737 4778
1418 4263
4886 878
1650 1901
563 700
3449 2115
4762 3554
4098 2611
4882 1005
315 4007
4420 4196
4837 193
704 3324
4255 4498
2394 2381
628 450
4148 2499
4226 4956
4082 1512
2364 435
138 2487
878 4656
3872 3410
2501 4886
664 613
2370 3654
2473 2445
77 4432
1757 2501
1498 637
1253 948
2110 2980
281 3662
1032 3146
115 3900
3616 2874
3491 906
2844 2140
3615 826
2753 2803
2413 1869
4384 1697
4414 657
647 3373
4353 423
4240 1972
1201 1602
3982 1633
284 510
1593 1446
2160 3546
3195 2700
74 4966
2976 2645
3707 2106
697 3225
1612 3942
4002 4921
357 596
3084 3632
3682 2
1060 4814
3457 2182
1384 201
2050 2700
3867 2066
2807 938
2860 2530
1254 1382
1189 26
2305 819
2418 4795
3658 1033
1373 2874
4172 144
1915 137
380 3843
473 804
426 1051
653 3279
4093 1801
411 1264
2129 1832
4311 1239
559 79
2031 2779
853 4688
130 818
3539 12
4131 2567
3789 4018
2860 2602
3526 2130
35 2024
4530 253
4663 3487
4155 3797
1567 2529
2071 2922
1355 4628
691 2303
2431 342
3041 1789
309 805
288 2706
1151 4327
3686 2476
3345 347
2081 4820
4958 691
3304 1153
452 1746
2259 4929
3076 453
4376 232
1577 4988
4429 2348
3256 4165
1021 3884
1090 4293
3363 803
4816 868
4130 210
4378 1472
4362 1802
4335 2029
3946 4523
2733 2231
4327 1580
296 1972
1216 814
3689 2130
127 4549
2766 3182
998 3378
4173 1109
3170 3031
4776 2497
3297 1026
1604 2770
1324 1153
79 4593
150 3632
1834 1357
3532 1718
2887 339
1291 1276
1897 2570
3977 2768
4088 436
3815 2302
4675 1543
1163 875
3171 4806
4865 2404
2140 3151
3245 3124
1410 1391
490 2540
2925 1073
4573 845
4241 1874
2157 175
2062 4743
4679 199
2512 1070
2922 2048
3701 896
1092 4085
4996 873
4576 3467
3825 2799
1353 4317
1345 2137
2520 1380
4983 1686
4943 4991
3025 4131
3856 4164
1312 1564
947 3711
4097 2904
703 3877
680 3818
2091 4498
4490 1548
4455 3449
2361 2845
4871 1559
4118 3915
1768 646
4831 4826
533 3845
1920 931
1189 2436
1045 4331
892 3953
2378 1168
3920 1208
2802 1219
1676 1122
2591 1162
2262 2077
4412 1351
3317 597
4233 157
3698 4043
4377 1731
4859 1510
951 4272
2259 4367
623 2326
587 2167
1545 1693
1625 863
4629 4173
3502 2566
1102 4541
481 3571
1691 1158
3274 4956
3682 1167
4757 4709
1020 2202
3149 1319
3864 1003
298 978
2620 3562
2265 2872
2664 3147
4094 944
3219 2610
393 4231
4786 3577
206 2422
4083 3901
3535 1147
3661 590
4421 2197
1146 1321
2504 1423
1330 2561
574 3222
3207 1822
1887 4569
920 4174
354 2358
4896 3413
2051 622
790 2465
3810 4442
1666 3815
3757 3913
1269 91
4871 4785
3692 1879
4339 1060
2900 2498
1989 2845
17 4806
1375 2767
4937 4331
31 4533
2930 281
2174 3320
3154 1709
3763 2133
3911 3187
3903 3262
391 4447
113 3856
3674 2807
3026 593
1523 220
1196 1887
2609 2516
2593 4929
4752 2377
2807 2129
1113 1642
1220 1169
1708 2320
4249 2571
4384 4889
4898 1517
1733 4329
1926 1248
1037 1600
980 4265
4265 776
3400 320
3851 1046
3593 3489
3942 4101
3770 1454
4535 858
216 4470
173 1302
2591 3585
1759 409
3635 173
4466 2200
4338 1317
3166 85
2030 4429
661 2005
2759 718
2067 398
3869 2221
3040 1809
1471 1238
1761 2549
2644 2755
2310 4153
2731 4560
1694 1075
4999 1452
330 3287
1231 4372
3921 3517
2324 3880
1643 3388
1340 2743
4295 4955
1494 4511
489 4219
3413 3730
2615 3294
2145 3825
2017 1981
1767 1432
1234 2764
544 3971
4329 101
2600 4339
2631 3296
3178 2704
3908 3320
3942 579
1114 1668
1194 4977
3823 2895
4111 80
361 4149
1925 3865
4187 2297
1772 3016
2508 2417
454 571
404 1736
4810 931
1458 1601
3442 2606
1443 189
3323 1849
1240 1309
1501 3785
1715 2010
1526 4760
919 1811
4565 826
66 1867
4959 1454
1524 1890
3023 2423
2278 1464
79 2650
4451 894
4833 1954
2904 4769
1296 3741
1580 2015
1503 1754
4538 3710
4557 656
3516 3365
156 3947
1682 2039
2169 3261
961 1699
512 3688
1294 504
33 1440
245 3099
3722 3898
3959 893
2473 968
1031 619
1372 4280
4237 3043
2127 2636
4690 525
4288 2816
1920 3212
1206 3585
1714 2095
3280 698
3971 3549
3932 3929
1146 3131
727 2618
3590 3097
4506 2952
3533 4786
1785 2323
4156 4849
3470 4365
3916 1483
1324 3148
4123 3814
1489 3713
810 1252
1517 2065
4099 1869
83 2894
555 3997
444 2751
2789 2903
4481 994
1386 4075
4068 1516
4661 1347
1996 1766
4863 3619
4384 336
4959 344
3946 1524
4412 8
99 1762
1012 3200
1329 4023
4087 3995
2623 3657
844 3607
4601 3416
587 2362
4613 2173
3148 20
2061 1850
4112 352
2516 1194
4847 2033
3550 3863
4222 3680
3515 1286
613 3890
3637 2325
789 445
2275 1822
2917 114
4922 4784
2503 349
3589 530
4584 3738
2335 3273
1540 2817
1936 3788
2500 2691
741 1944
4530 3015
1587 2775
4076 2420
1658 840
4478 4277
1222 3428
894 1155
1902 233
815 2964
2359 1942
1234 1995
2161 1242
419 3824
595 4587
2189 496
290 2864
1644 2358
4282 3457
2474 1546
421 4963
3861 1690
3804 2666
2054 618
4151 546
3649 1834
964 1298
3971 2858
2115 2788
790 468
4743 4337
3052 1128
1208 449
3038 256
4986 2149
42 892
3477 1172
4259 3580
866 3075
2288 3521
784 4262
3927 969
2635 195
665 1249
4423 875
1630 4450
4351 2327
2465 2653
873 1172
24 214
2447 2640
2497 206
1752 355
540 72
3088 712
1700 543
2815 2841
3561 1545
4475 1683
4452 2044
4385 3058
856 722
3132 4224
953 767
428 2510
1622 2742
3276 7
1025 4744
3148 112
2015 4870
2833 1979
4451 3852
1357 782
3887 1073
75 2599
4819 4116
2618 4815
2199 3457
4784 1276
1706 817
1095 4187
1780 790
4156 436
2808 3511
3997 4586
1399 936
3716 819
3329 1997
4579 2668
3563 3919
4430 3854
1443 2749
2572 1722
755 691
1588 1377
4757 46
3535 4883
3245 4434
4026 3189
1923 1060
1397 752
4798 2684
4377 4511
2980 3790
1377 4166
4999 2943
3093 3861
4624 3599
4550 861
4738 2825
3631 117
2137 3075
1343 4443
3138 3044
494 4146
1620 4236
4757 3154
3484 2148
2300 1866
1268 3721
1754 2168
2892 1919
3995 1592
672 27
1594 1304
2695 868
1314 1541
3912 2689
1587 4592
2640 1355
3778 2595
4508 1677
4518 3393
583 4393
2569 2588
1937 2875
698 2735
442 4369
200 476
502 4401
3833 4055
3653 1938
1774 3924
4375 1972
4293 1217
4228 2691
3300 1375
3175 178
2724 2749
1436 2658
2893 118
4034 872
4304 2071
4122 3247
648 2535
274 2036
1192 2760
3961 184
2949 1478
1200 2261
4357 3977
2945 3525
4785 2361
2497 1651
2488 4906
3622 2367
401 3957
2166 3951
253 1375
4045 3760
711 795
1583 274
905 3246
2431 3546
4091 1670
3732 3679
1426 944
3391 4148
3142 4603
1366 3800
4288 1376
462 1224
4896 3925
1714 2778
4188 106
3772 4016
2848 3829
2812 2042
1809 164
459 55
62 3854
1150 2529
307 3231
2088 4329
2823 1042
663 934
4156 2329
2687 2834
2340 4618
547 3178
88 677
2561 360
4906 2569
3420 891
2189 1795
2932 4023
4905 3189
3193 3822
1275 4527
3517 1783
1659 1862
2686 1848
3055 2388
820 3968
1780 4070
319 1728
715 3022
3234 3694
958 390
1895 2235
4800 303
4410 1368
2885 4030
1060 1689
3485 4545
3814 3982
2851 3431
2517 3317
2635 345
2249 2167
998 2882
666 4399
494 2889
1293 3453
1595 4670
1565 2121
212 3874
4890 1269
3491 2863
82 437
559 1514
105 2150
117 3292
2119 1935
689 2794
4841 720
1229 4052
3986 2050
4520 1766
4880 327
4876 1529
4772 3967
3246 2484
3915 3731
930 2191
1569 680
2648 4486
1309 1183
1139 4412
2281 1408
1536 3516
1983 1315
116 4802
341 4830
2500 1581
4342 3385
4009 1467
3511 233
2703 636
2217 3436
35 594
2794 4921
960 4434
311 547
3188 667
3091 3808
3048 200
3576 1046
2085 98
2378 2206
3433 3158
1511 3482
775 823
3045 2657
2914 4897
2644 2797
4434 2026
2651 2765
4603 991
2084 3919
4474 4774
2355 4176
3577 1096
3925 906
1125 3448
371 3180
3742 3945
565 2939
2021 4174
3657 798
3758 967
3127 3592
629 3256
3738 4766
2903 4850
3109 2405
4548 395
4524 168
1479 1218
3306 3190
1242 401
2925 117
2552 4037
4414 1418
690 1568
381 2432
4415 2131
3511 22
2460 4075
136 3759
1034 4097
3695 304
1048 2350
1477 1035
3123 780
2625 949
1008 352
1617 3578
2932 4836
4899 4827
4625 2779
4495 1982
3507 3939
4846 4988
432 4432
3992 629
4671 4583
4506 4718
4953 3282
744 2444
2081 2164
746 4818
382 3343
792 2097
2777 4166
751 3082
1481 4140
532 1052
1059 3393
413 2474
1231 2737
4754 3174
3119 1048
2013 553
37 4509
2070 864
1402 992
2869 1283
346 998
4390 594
2749 147
378 4208
4400 4289
4419 3579
4059 1536
391 50
4721 4274
2428 3375
3948 1424
2564 4093
4594 4250
1311 4919
173 559
1119 4104
3581 4190
1031 3421
1795 4829
3558 1602
1660 3765
3800 2321
542 1054
3474 3630
2726 3752
1504 572
4036 4370
3942 3633
3866 1838
4745 4187
3913 3476
444 41
3827 3967
4204 2702
4650 722
1331 2677
4192 756
4630 2311
1764 4899
3904 4198
1337 1726
3192 4531
4173 4916
2280 677
4028 3544
2983 4669
4394 2222
2305 1879
3447 107
2557 1942
2851 3191
667 843
490 429
3987 4970
3159 2501
3990 0
4948 2429
2593 1560
1375 697
4887 589
4888 3880
4422 4733
4401 889
4283 778
4725 1390
1278 4019
4417 2750
4904 1426
3238 3374
752 2399
1884 764
2591 3860
490 2075
4077 394
2337 2222
4703 3296
3754 3846
1659 3229
197 995
1310 3577
960 3633
3416 2980
515 4840
702 2338
3810 3935
4992 4577
1751 194
602 480
603 2700
1610 1786
4914 3448
670 1234
365 713
940 147
2787 2096
1916 3169
3115 1501
3083 2186
4134 1855
572 1919
2896 741
3995 723
1561 4864
4020 1222
1925 4654
3830 2029
3868 3080
3621 3103
1364 3287
3394 4088
1506 3414
3025 92
2348 418
630 1476
4101 2981
367 4596
4613 2380
3033 489
4064 4881
1840 2570
1630 1365
3525 3975
355 4912
927 4943
3843 4317
495 3820
1108 2109
4077 358
2236 102
3208 1955
1889 582
3349 2673
777 1031
1182 2667
2353 765
3973 226
1597 1509
4559 1637
1892 3339
3470 1734
15 1091
2985 1172
1963 42
4588 235
1135 3617
4250 4720
3363 1907
2813 3847
4436 2032
583 2737
2786 4381
851 1131
4773 1244
4826 4898
301 4117
2056 4545
1890 2167
374 3588
2548 4616
461 1549
4950 3095
2771 507
3532 4377
2965 1403
2365 1472
2196 1375
3738 2327
4990 3759
1475 4181
1979 1252
1002 3615
1736 119
2329 52
1459 3788
4951 4183
795 4307
2218 110
2182 885
745 2405
4448 2398
1245 2659
4310 2439
1342 4790
1687 41
4519 1461
4502 3545
2554 2741
2651 3875
964 3819
1963 131
2920 3440
932 3093
4246 4155
2843 878
2743 2504
1000 214
2210 2169
1527 1844
1801 909
2248 1840
894 1874
2738 2365
1366 3956
3481 1370
3368 424
913 683
1493 3432
336 1161
2139 3525
1600 326
153 2081
3589 1114
2578 574
645 1831
2751 929
2053 2035
435 980
1041 1801
3111 3554
885 4913
2947 3940
1235 1835
4070 706
1625 3832
1831 1593
2354 3432
4213 3325
190 3192
3192 779
1866 957
1613 1874
3910 4398
3936 2730
183 1553
3108 3952
1999 1251
3423 2481
1271 4307
2719 847
4217 3214
468 1899
4433 2736
752 1001
3438 2044
1826 871
938 3489
1966 3699
4317 1536
787 3847
2424 2580
1183 4917
853 3396
4795 1816
2826 172
1520 2727
2614 4064
2713 874
1126 1817
2233 164
2749 4549
907 2594
2874 2750
4466 3024
4345 1215
1325 61
7 3790
2933 1356
3811 2565
377 4625
1496 2099
2650 3026
2714 1
4899 133
7 450
3675 4846
4438 4835
4417 2885
4077 3063
584 2142
3508 4235
3121 3725
1982 1445
1636 2473
3434 743
4748 2962
1082 953
1714 608
2458 4189
1701 1242
4436 2975
1937 2800
297 1930
4092 4502
3200 1751
4193 4792
1894 3053
1917 895
4863 516
3255 951
2794 3601
2578 1226
949 1585
232 1932
2682 1211
3894 981
251 1745
4366 1894
2347 2357
1715 4340
2585 4451
3300 958
4568 876
1005 456
4779 3905
831 4140
3785 2607
4082 3616
157 2848
1324 4777
4107 464
3183 2381
3798 3876
4934 2035
1071 1946
4560 4194
352 705
3491 1235
1297 3022
4525 4707
67 902
587 1612
247 1047
3278 844
3467 1273
2278 2737
3091 2026
2027 1116
1774 876
2021 1042
1575 1620
2907 2853
44 2724
3018 3949
2191 850
1142 998
1655 359
4268 297
3875 311
4411 3790
458 1020
303 1013
4282 3759
3907 3419
3622 4912
1067 4960
3547 1330
1704 2228
107 4926
2529 2566
1490 1630
3545 2188
1750 3995
1604 3599
4037 3603
2792 2297
3449 2513
2589 4224
2682 1511
2023 2262
1513 3206
4342 961
2934 2702
3083 3710
4248 3425
3458 105
2012 1087
3344 2041
3714 4510
2576 2787
800 4313
3244 325
3287 559
2384 4757
4457 2242
1313 3170
4126 3253
4721 1914
234 1525
3151 353
4575 3644
4334 4768
91 107
2898 2524
3570 4310
386 1325
2394 2222
702 4625
2723 2633
3587 4091
1568 260
3191 1920
3503 1895
3954 4212
3620 2454
353 3973
1992 3719
4476 67
4607 4088
4855 384
2786 2597
2593 2830
4591 4672
3224 4300
4831 4601
1754 3524
3584 3468
680 1694
3299 3441
2006 2461
1774 4045
4501 4443
4675 4245
3857 1341
4707 2915
1468 2244
1910 386
4814 2280
1355 1742
1518 237
1171 919
2602 3854
1757 2761
4418 3602
1066 2346
197 1770
3559 498
2684 2337
3297 4080
4905 3291
1800 4724
1851 796
570 3281
1098 4106
16 467
2521 4102
607 945
4410 2197
876 3034
1228 824
2952 1097
2128 988
3569 1190
1960 2530
2601 1366
3874 3116
2356 2832
4028 2736
907 1561
4613 426
4303 3213
354 2400
2029 2282
4786 250
4197 4688
2070 3983
504 1210
159 2533
1129 2238
2757 2296
501 965
1529 3235
2908 4071
4230 4388
2457 2929
1552 3615
2305 4008
4296 2970
3551 1737
2034 749
1131 4022
310 2316
4631 493
3335 1053
3569 1039
3081 2470
1923 68
600 3459
3636 4685
3802 3438
1637 2182
948 2331
121 528
3823 4992
4739 891
4364 3581
1687 1961
657 279
115 4128
315 491
321 4579
4237 3693
593 3666
3607 2528
78 1041
4310 4762
4279 3597
1001 200
1273 4417
4488 4447
514 2227
3988 2588
248 4413
447 1878
4426 127
4305 1585
1933 3076
792 2670
68 4270
3643 2493
4142 1887
2514 2347
135 3735
1267 4909
4364 1927
2624 6
1162 1989
1299 1039
3811 2171
1467 2826
3777 550
4015 4102
4547 3125
3967 998
1534 2057
1009 4260
4828 4714
1559 1777
725 2394
3876 3543
3531 877
2712 4818
2226 692
2485 3903
641 2228
4930 882
3468 1662
1598 4413
1927 3831
1880 1645
813 3617
2818 4665
1918 279
970 733
2428 1423
1540 4878
4243 307
4079 376
4080 4757
4459 847
4726 4694
2723 74
4015 4194
2479 2233
2101 3776
4496 3668
4264 4239
1192 4431
882 4215
327 4105
1826 587
2714 1190
2703 3340
1142 4445
679 3078
3105 261
3763 2112
144 1806
3065 4047
3872 4961
606 2043
2761 2929
3864 4377
3105 723
3594 4581
376 4939
1178 995
1873 2125
4458 3190
347 610
3765 2486
3924 4635
4981 3075
3180 2452
1775 4572
364 1351
2668 4231
4441 4060
1852 2796
736 2330
2420 3386
4194 286
1550 4041
2541 4536
4545 3676
2381 2324
389 3682
127 769
2667 2105
1449 4086
3551 612
785 4518
257 4554
417 1070
1421 1532
2422 489
388 4760
3666 4875
4384 3767
1445 2758
3170 4671
2884 2926
448 3377
4583 3178
320 2740
2115 3390
514 2228
1753 1141
1114 2342
2961 4581
4518 1391
164 1906
1157 2604
2404 3933
420 2409
992 740
1896 1936
1854 590
3766 2545
4912 3213
3234 2668
4962 3858
2578 2729
3636 1141
895 2085
4079 1740
463 3958
4017 3229
571 1643
2296 3372
829 569
3234 523
1142 2245
4458 3692
3663 1262
3108 2545
239 4981
4206 594
4478 1696
3821 3807
3099 3981
2345 2618
3627 1484
3833 2984
94 1791
1092 671
2119 2422
214 865
1378 2372
1239 2962
1919 1921
3081 2000
4369 1977
2402 34
1959 866
2997 4082
4522 2882
2414 1315
2529 2354
658 2425
4854 956
2325 424
3895 2355
1479 1359
784 1191
1387 3740
4028 1708
4781 677
668 1117
418 4795
4218 3655
3870 3194
4470 1919
3677 4627
75 3275
3986 3687
204 2202
4088 2353
1285 3638
1182 1831
4335 1527
876 1489
2628 1307
2042 554
2006 1470
3379 107
1719 907
3879 3544
4918 3425
2804 3656
2837 4833
248 39
4523 2236
4127 856
2040 3086
2582 3267
2595 3349
1902 2347
3854 872
3714 2189
4780 2618
1350 1142
2287 992
4406 2174
3368 2139
944 4533
2185 4158
2167 2441
4898 4823
1740 446
4493 2443
2460 3911
2547 1307
3169 1070
2738 2075
4635 4660
2551 1756
442 1592
4680 691
2571 3681
44 3308
2576 12
3788 294
3136 2218
4913 3398
4608 2906
942 4514
871 1984
4500 1409
1559 4528
4525 560
5 4809
3165 1932
3025 1809
3883 767
4697 1039
1170 3855
562 194
3620 4421
4452 1710
495 3910
2966 4058
3740 1614
573 3070
4385 2517
30 1952
1865 1325
3456 2025
221 1264
1204 3624
4496 3498
3354 2988
4108 1204
2580 4696
3096 4857
4469 1899
1672 3141
1226 2952
2692 1826
3875 3172
2335 668
2624 3345
1920 713
2763 334
491 764
4334 1295
4369 4989
600 1348
990 2692
2305 1158
3898 1044
2536 1008
2740 481
300 2516
1230 4289
3581 999
609 3483
3864 659
4637 860
436 3171
3601 4945
3884 1512
3475 1890
1756 928
4909 4164
4892 1493
1960 2999
938 2019
4914 797
3043 4336
762 1704
2368 4122
700 4980
365 1195
2798 3318
138 3954
174 664
3360 3596
641 3645
253 4626
950 2242
1356 62
2462 3833
2874 1348
1998 754
1402 4128
1869 3963
3626 3014
2986 2624
4585 1668
1763 1551
4884 2141
669 3229
2803 2349
4320 1365
1642 3549
58 4141
1059 569
2272 2160
4969 3780
4366 4292
4647 4052
442 4828
2611 516
3371 2852
1068 1722
1107 15
3023 937
2829 2643
2820 3947
2273 4084
2974 6
47 3226
4799 190
1015 1340
4962 278
3411 1207
1182 4058
1955 2174
439 4552
765 2865
1943 681
2330 4337
3282 315
3371 844
4744 4562
1394 3511
4033 4146
888 2183
481 165
3592 2165
2541 2508
1492 1247
1933 3834
2706 1871
1610 3568
508 123
666 2241
4353 3929
1527 851
3841 2592
2509 2800
1872 813
2335 3299
334 4509
2368 106
1585 1781
2747 3816
3394 4894
2676 2061
3286 4824
3443 861
3377 455
969 227
4065 875
2853 1084
2255 897
1960 3663
2863 4649
1756 1998
2729 4961
100 452
4442 4228
2672 4308
2163 4781
2995 2777
2083 4299
865 2383
2333 904
3095 2458
3292 4708
4014 156
4928 1234
4798 3211
206 2241
2687 1735
4162 2365
4533 3555
4741 1174
3275 2754
2472 2010
164 283
393 70
3591 2382
1667 2392
1878 4101
3949 928
2423 3162
1174 1747
1445 2115
4575 2914
2012 68
1703 1534
1893 273
4286 2722
1401 3844
3973 2356
4167 2274
3987 476
188 947
416 2242
2594 121
4878 1827
4 4851
1635 1720
4654 4714
606 2444
3865 4206
1550 2552
3650 944
927 10
4910 3260
1576 3873
1910 4222
697 3954
2297 4644
4469 1392
94 3773
2408 3112
4010 2465
4466 3069
3219 1359
1737 4025
1755 2107
2488 4039
2912 1100
3042 4556
649 1959
3063 4538
4350 3959
1309 3915
1701 4770
1350 3432
4037 2081
2888 1822
3656 4421
3313 575
458 3130
4694 3338
609 1317
1115 504
3661 3415
4287 1735
699 30
2548 2243
4916 590
3184 472
3450 1826
2375 1279
589 1116
3363 1823
3154 3250
1603 4213
517 4255
2722 2107
4158 757
4179 4696
3022 918
975 2783
4171 208
3540 2504
1719 1014
360 401
831 4104
661 1408
692 2003
4922 1236
2828 3535
1469 2736
4816 2605
2545 1150
102 1583
238 2118
3597 1713
3076 499
28 4286
1690 3773
1205 3992
3073 4864
2289 2214
2488 499
4347 264
3561 1298
3162 4867
21 1671
2603 1686
3107 1781
4919 2483
248 940
3968 3270
3490 2132
3247 4886
3370 3175
1620 1706
1932 3030
54 359
283 4680
4802 2497
3131 4898
994 2162
4350 2037
4104 4286
4988 1579
4679 4782
4179 4072
2114 3117
4820 1934
3481 4713
2701 4925
3206 2491
1378 4444
1208 3316
2893 4881
1253 2195
1049 601
3878 1512
49 2070
3440 363
4401 138
980 1203
1651 2034
2531 1841
1815 3971
657 2719
4293 1696
1453 4965
2873 2627
127 1433
1692 411
1613 2068
3140 4173
636 4703
2458 1521
3811 170
2296 2069
2038 1345
379 1822
3007 527
3419 2412
3196 750
1330 2867
4508 4409
229 1695
4273 4661
1740 25
3453 2324
438 3996
4946 1036
1996 685
2683 928
3767 3052
309 853
3309 1283
1531 315
475 583
492 2495
3011 3486
3295 3442
4140 1717
839 2810
3595 2130
3635 2397
1570 4032
923 170
1248 2463
721 1770
2699 4513
1783 2225
1594 2044
3877 4627
3001 1406
4431 4487
3895 621
4365 4969
2091 4428
980 1074
847 4311
2260 1318
3859 3013
1687 2622
4870 1681
4244 2453
4280 3651
4742 2647
3033 201
248 890
1426 2044
4038 951
855 2091
2280 780
3013 1956
2676 3328
4113 3099
4738 1543
4437 819
4956 1595
3664 1294
3175 3885
3239 41
109 669
1935 3951
191 1593
4395 4148
543 2378
602 2286
2188 4203
2773 3008
4080 4640
2377 2316
1236 4747
4984 3248
3688 4884
1758 4254
4578 2438
1096 2623
1570 4559
1506 3395
542 1841
961 3565
3557 402
3324 1407
4102 974
2009 671
3963 3173
479 3629
588 3807
3312 1531
3457 1486
961 21
4396 4907
942 4305
2522 635
1174 4536
4778 3539
2775 3016
2477 4640
589 1417
3777 2098
3818 2989
2474 1427
3434 1883
4235 2763
1450 316
1470 1088
1570 415
1804 3805
2393 1390
3041 4578
2448 3032
3238 4324
4678 3076
3337 2783
2338 511
1384 4922
4799 1060
260 1148
2832 2239
4598 7
170 1260
192 3457
915 529
2273 4593
4127 4377
1316 2831
3157 4784
482 1208
4432 4881
2113 2439
1094 1811
937 3957
3326 4737
4937 2580
2514 4655
4886 1051
1659 2020
2122 3010
4303 1312
2902 2006
167 3602
2723 561
4223 997
612 559
3189 1693
1594 3447
2790 3604
4460 1525
3812 1687
49 1863
4741 3910
4731 1695
141 2725
4504 3079
1653 4113
2367 3102
1289 4160
3650 4416
3605 1467
3571 178
2916 3591
3339 218
1151 3100
3420 2433
3640 4370
1706 3657
4618 395
1090 436
4123 2779
4460 1351
1282 1662
4665 4840
982 846
4098 1231
689 3942
4850 1498
167 1976
2167 175
1546 1332
2258 4653
786 3405
2200 1091
3656 629
4363 3018
737 1963
2007 499
1886 1198
2475 1153
26 2272
2134 990
4956 726
3159 4802
1533 1379
1784 2960
214 4794
2841 1085
3387 4712
2274 1727
4249 2865
151 109
2237 1984
865 4887
1818 4682
512 320
597 388
3431 2501
259 3916
1545 4677
4914 161
3475 349
3171 2174
3829 2218
396 1064
828 4
672 281
3062 2564
3099 1443
2468 1848
814 4607
4523 1724
1433 1005
3932 4935
710 101
4561 3856
1259 2990
305 3346
2287 930
3273 217
146 66
761 3152
80 4485
4103 2470
2994 3439
1393 2988
229 3135
2967 2294
4711 3000
3537 219
2703 4908
1173 1893
131 2812
1843 463
1421 1511
594 2218
1495 1282
3404 3483
3174 287
2024 4782
1406 4934
484 2441
3710 3872
3430 1587
327 473
1120 4028
964 698
2805 543
1532 4756
3990 919
4274 4277
3657 371
1424 3725
3020 2562
1533 1754
277 3973
4302 1358
4478 3732
3717 3363
1526 4469
2510 3939
2248 1522
825 2034
2666 1879
4051 186
3758 2529
1507 2253
210 1707
4023 4614
2188 4167
1007 1623
4541 1157
3778 4290
236 22
2563 797
1981 454
2076 1852
4507 1114
1236 4592
4658 263
3689 831
3447 1008
4996 1975
3039 1428
3398 236
4504 2711
2962 4508
3991 1968
2072 748
2420 2890
3520 2961
2544 3658
2954 974
221 4473
4266 1201
396 1205
2022 1569
3576 4566
1147 3801
3209 279
4546 2608
2744 1353
1672 3110
3507 3364
322 4276
4812 83
2053 3213
4118 1527
2215 857
1012 4083
130 1496
1234 1666
4464 1310
1953 2903
850 4006
2321 3352
3930 1949
2090 4967
4608 283
807 1156
2622 3637
3179 2478
4921 2643
672 2966
4762 2223
4236 292
3960 4902
3517 2878
4727 2099
95 4330
46 3648
4318 1737
28 4110
2664 2391
4412 191
1885 779
3731 2424
2290 4666
2331 3730
194 458
3732 4078
3899 3272
132 4795
2573 399
4293 4720
1594 2697
3476 2197
886 2944
1138 2493
4327 2602
3154 2121
4809 3946
4183 3490
3126 3067
3063 568
2980 1811
2897 1342
502 3845
1837 4713
3937 1332
3598 300
2625 1141
1115 1018
4059 4468
1364 1142
2815 4727
3782 4841
4483 4828
3955 925
3669 3211
2268 170
2034 2177
2219 983
3632 2554
3506 2364
2720 977
360 4749
3797 2369
1519 3730
3626 4427
804 2702
1723 3031
4412 286
104 4523
2066 1868
2530 4666
4456 2457
4703 1685
4667 1832
3669 1019
3796 3239
4257 4977
4841 4917
1274 3888
3718 3304
4432 2405
539 1481
1287 4680
4502 3466
2000 1406
3625 228
3879 1733
1080 3237
2728 4371
2795 4787
1250 2638
2194 7
1672 1748
3909 4295
173 1286
546 1255
575 4889
4179 916
3121 2331
1380 2999
1627 446
4827 2291
4051 4449
3241 4376
474 1218
3592 2457
211 1080
644 4212
4293 3027
103 3799
2573 3207
351 2272
1639 3922
1527 2087
3883 2106
1300 2249
4995 3956
4323 4513
1060 969
2164 1375
4720 2775
4180 192
4706 1984
2061 1972
592 3624
2631 4225
500 2503
3328 1586
3782 4689
1381 1571
586 1200
1818 1297
3216 420
444 2744
2321 4784
4607 651
354 1233
3017 503
2839 962
955 1960
4084 3892
1127 2190
4303 2834
3472 2188
1861 626
73 2143
492 644
941 47
2661 4443
276 628
2340 1270
1407 4604
4318 3353
1222 4619
4095 2838
3473 1738
3270 2748
4732 768
3631 1145
180 2073
4296 4424
3760 3299
2422 4143
669 85
4673 2267
2395 2245
2730 2971
786 1224
1852 2820
2146 3911
2587 3657
1762 985
3481 3058
951 1863
2835 315
4441 83
4183 4024
4595 3301
4312 4987
385 1296
2237 4138
3997 2619
116 4758
1921 2331
3257 2858
3018 3005
4028 642
511 4932
3467 4631
4843 2161
2085 1743
2993 2351
702 4127
2576 2026
3163 2282
3970 1191
4750 283
3240 927
1054 609
1669 4991
1059 2518
3185 4320
4527 2662
1696 1249
561 4216
1932 2507
2012 3369
1103 2604
236 821
4584 4882
2419 3565
3539 1214
2705 3200
3431 57
4112 1287
2753 4175
2835 39
961 4039
4274 2103
2370 4589
590 2201
1697 2272
3341 398
2236 4304
4094 1725
3225 3674
4939 2218
2101 4157
1230 1148
2939 307
103 2469
490 4430
1866 3895
3471 2609
3706 2421
1116 3218
1287 4766
1109 4003
2709 2372
3385 635
1279 3361
922 2280
1210 1720
4703 3291
1214 276
4887 2290
1283 1357
4321 852
3656 2379
4268 198
2230 1524
2881 4936
2896 2770
3121 706
1329 3486
3631 4661
1814 710
4933 4942
3467 892
4620 186
4934 4464
3916 368
3099 1368
2976 1797
4332 240
199 3656
2810 1461
894 2592
3932 4046
2883 243
2505 548
1006 3866
1052 4030
2933 4490
1922 2841
1195 2014
2283 3041
1485 2761
2558 1825
596 2269
4281 4902
3622 2685
2371 2092
4477 675
391 4469
1800 4140
2232 790
1981 3233
3884 810
1221 163
3537 4055
3298 754
4412 1276
1907 1501
2235 3950
2816 568
658 948
146 3683
1053 2584
4124 667
1705 2129
55 247
2622 3918
558 3189
1994 2211
174 3146
891 1641
3147 2764
4227 660
3000 632
4403 4985
4480 3215
3719 4782
1171 546
1278 2333
3482 971
3191 2513
4785 185
247 574
3296 1464
2548 4635
4823 341
75 1646
2339 2311
3362 3839
4607 4357
2803 3338
2530 1047
2200 3069
1245 4825
4404 3711
1450 28
1736 2056
1994 4989
2702 3159
3191 4472
1418 936
4740 4370
4185 1618
385 3355
3094 465
247 4935
1031 1326
1379 688
729 3966
2769 390
3278 4194
2051 2752
998 2836
2262 885
4762 767
3473 1318
4430 3971
3926 4120
3732 2850
329 2708
1518 2098
3674 1458
4465 1437
161 4664
1462 2556
1358 1610
3860 1594
2085 506
1014 2060
4003 1209
1804 4327
1584 1035
1159 1170
4494 2125
1010 3512
1047 2596
3483 2727
2705 687
3305 897
4502 426
4786 668
2419 1681
2540 1280
2907 4235
3389 3372
3117 1655
3200 4332
4186 3328
2626 4625
3275 1677
4633 1610
3924 1902
3699 3088
811 2205
2336 988
378 1280
1840 787
1167 703
661 2582
3433 4291
3756 3075
1129 4519
2399 2887
3195 4989
1806 1699
2642 3527
4362 2645
175 3464
288 4061
4471 3476
4397 4626
3083 1930
3934 475
280 4511
1762 2858
3282 4234
45 2416
1910 697
626 2115
224 4243
3276 4667
4463 2011
3531 4454
2913 3665
1429 310
2781 2016
2751 939
4718 1987
3491 523
3714 3376
3478 2904
1304 3419
3561 3874
3184 75
2517 714
1752 307
4575 2144
1986 4176
4743 2494
4101 4088
2465 120
3215 56
849 3818
3062 1293
4212 4104
2175 1674
3862 2500
3946 1994
1322 2291
2128 500
4842 4191
1289 2255
2663 514
2207 3439
453 903
4800 2309
3110 4319
1048 1079
3343 931
2197 4270
2751 1154
3912 1051
3874 587
1900 531
516 4074
2792 4715
3090 4472
1865 3352
965 1715
4656 721
4766 2524
3101 4886
798 2768
1317 3059
2093 3735
262 519
2710 641
4045 2337
4293 2152
1520 2620
3343 1701
1556 2657
3945 712
991 605
2598 4595
92 755
2615 1001
1529 4031
1054 2722
937 4299
807 1932
3118 1188
3907 1151
1512 1679
2189 544
304 1076
2669 4002
1215 2947
1485 3705
4885 4619
55 979
4289 3071
4662 2120
2096 4912
843 189
1703 4092
107 1242
2811 985
2461 2037
4702 3288
3932 2636
3459 740
2804 1410
2863 478
2617 1989
1501 3383
4172 797
2615 3092
3689 1886
2686 310
2012 3770
3878 3342
888 2746
2881 4380
2497 1431
1981 4452
2500 3878
4248 1435
2300 2824
810 2035
343 599
4849 1124
1550 4543
4078 654
898 4788
1065 255
2582 793
2602 4838
2514 747
1404 3032
1045 1013
1889 2895
1565 2151
1948 1163
2248 916
993 2710
1388 3947
2555 2477
1050 3184
4310 2085
4746 2639
1345 3121
477 4034
1886 3648
2192 2917
2115 173
2180 4026
2863 2371
4223 121
1823 1634
4400 2356
3178 2174
991 2251
273 2062
924 136
4514 125
4688 1880
4728 1887
4959 4765
2310 2539
3115 1796
4908 3388
431 4354
2143 4656
379 769
760 629
4431 2702
2597 1120
8 2149
2823 150
711 341
822 2657
201 3649
3065 833
1555 433
1785 4399
2328 1132
2574 4892
1473 2473
1030 1674
4439 172
1788 2260
302 3270
1367 2984
1186 3744
96 3606
4721 3325
2351 768
4077 1468
4297 4070
3142 1935
2669 3783
4029 4552
3311 4244
3698 3340
1157 2268
3191 4448
2415 2180
1421 971
1930 93
1514 3914
3573 405
1362 4514
4460 3454
2137 4944
609 62
2283 966
1675 2499
3685 4927
1367 3876
3496 772
4311 1296
2702 4534
4238 2308
3562 1411
2229 2394
4519 4957
2636 2565
3828 401
506 1392
652 4246
1883 4087
1951 787
3322 4589
652 407
1187 1947
938 4479
2193 1004
4319 4122
1483 663
2227 3426
2664 4505
4133 35
2163 4506
4779 1291
2622 2133
2102 4968
442 3394
4669 3259
3628 3898
1726 2065
498 4357
4526 782
88 2447
4681 1699
2819 801
3669 4514
3613 4124
1309 785
4771 2968
3642 2276
1822 3572
1591 1835
4779 923
3799 1670
2711 1001
1081 4803
3144 536
1362 1891
461 767
2142 1307
3573 2748
4171 1273
1575 2514
247 2601
1212 2680
24 2301
1908 3609
3846 4092
623 3457
67 998
4986 2582
3009 3745
1223 2944
2303 4469
461 1532
121 908
1822 1053
4804 4551
2618 1225
3248 2440
3587 1510
4936 1803
3754 3365
2545 2328
2561 2435
511 3971
928 1594
2828 4399
2352 1684
60 78
3200 413
976 1940
1543 1198
1979 4448
3268 4561
960 1674
552 3375
247 1100
1423 3559
875 399
39 3918
975 760
4812 2016
4950 3445
1279 3646
4602 28
890 3192
897 3309
4363 3951
4341 4401
4590 371
6 2799
2801 2148
3665 4
47 4132
4639 1718
200 2350
4400 1608
2572 3011
2643 4999
2765 3122
4759 984
2940 1958
2118 73
4993 4942
4988 3625
3951 2207
4192 1711
228 157
1509 655
213 424
2708 1193
3730 3171
1964 4839
2639 908
2423 3744
2273 3974
1478 1965
2129 1788
4005 2791
1373 954
1589 3532
341 2410
1231 4693
4112 869
447 2013
4900 2560
2645 643
3453 4322
923 3216
87 1302
666 363
268 1817
4963 1372
192 575
1401 212
553 2567
2035 2757
4483 1710
1760 2902
3835 24
824 2392
558 807
1641 1555
798 2967
3860 1954
1203 3862
17 6
1217 4056
57 1886
1229 3578
1113 2527
1582 3528
3693 1178
4134 2506
1643 1668
3765 4226
3788 4007
4223 4909
1385 957
1276 100
4241 4522
4311 2544
3797 3027
2073 4890
4043 3628
2021 4313
815 1246
2811 3708
1506 1311
1807 4583
4108 3519
4253 2736
821 4029
1705 1564
4635 2872
3364 429
4047 4213
2914 4880
2791 4394
437 3611
1774 1221
3404 3935
828 3712
2811 2913
877 2106
1532 1683
1214 3019
3151 4025
4499 4027
2972 4017
4621 2604
3538 4077
4445 1378
4377 3395
2953 283
3842 2823
3449 3281
0 1379
4360 93
1259 675
3997 1118
600 4538
386 1836
1432 3422
3884 3193
270 654
2589 3834
1522 3034
736 4200
2851 2845
3959 3018
474 880
3124 4451
2411 4789
2223 2594
1640 4819
1901 2685
4939 2698
2055 3075
2909 1386
2848 488
3444 4777
4327 2572
3959 670
1696 4562
3639 1548
1836 1849
1304 3744
4725 4625
1713 1438
3550 3576
259 4132
933 2408
2409 1890
412 4175
1972 1801
3492 832
4745 3897
1148 2932
544 2036
1881 2207
485 221
437 2023
4858 4649
2370 3454
4699 3156
469 2297
4042 3191
1401 1965
4798 1051
1924 2858
4556 1354
4092 2364
3223 4557
347 4519
2628 1469
266 2471
4657 1066
2440 1191
3557 619
735 2718
4634 3919
2916 3711
1470 2246
2253 4781
3346 3494
2740 817
2587 875
3857 2523
386 804
3966 194
1831 4308
1617 2811
770 1752
3171 1273
2553 947
2767 4146
1980 2064
66 1284
4696 4430
4344 2087
1532 1276
1264 2391
4500 3753
1894 1361
3615 3032
3550 4806
443 4272
3648 3099
833 2892
4464 115
3485 1727
1383 4471
112 488
4392 2041
4281 4616
2410 2116
72 1095
2657 4153
3231 4451
1353 2832
2264 2530
440 4785
1623 1545
101 3695
3407 1744
4565 2915
3762 738
65 4934
913 2432
3440 3186
35 3255
45 2695
3969 10
3044 4119
2784 2185
1765 37
4908 3727
4851 2859
1387 2049
1370 4564
543 2282
3252 4062
2737 1745
4237 4966
3579 3545
2123 4702
992 3014
1352 183
2963 4518
4122 808
4912 4829
283 3209
3376 2861
1139 657
504 2595
4889 820
370 4233
4441 2068
4795 394
1667 599
1548 498
1388 4087
508 4747
2937 1962
2980 149
1417 610
4943 4238
1870 895
4945 3490
2015 381
3550 3402
390 2158
4401 56
600 2658
4245 2813
4571 3688
4410 2667
1989 3745
1775 3191
1195 3856
4925 134
4863 2002
1958 4504
2401 3544
2437 4161
1045 4507
3405 2165
494 4620
1954 4540
436 1864
2407 173
3291 4637
4317 3100
4207 1673
2702 109
2842 672
1026 1368
2954 4246
4952 4930
1577 2962
102 4307
3058 2534
227 1707
1430 1064
450 681
324 138
287 3916
223 3789
1793 3998
2427 3336
3043 2950
1031 861
3120 2409
725 2548
3588 474
743 3339
3915 4706
3507 3227
3173 486
2090 2085
2736 392
485 1884
2819 2866
1972 4679
4065 3380
898 2000
2690 1947
894 1112
218 706
4787 698
2039 3981
2711 4101
3634 3567
4273 3616
894 1236
4987 2488
3279 3974
1991 578
1909 2410
2513 716
3850 1877
2934 3326
2194 365
1969 1458
2850 2676
4065 4390
2252 1343
1846 3792
941 4986
899 3180
4733 103
1207 1061
3692 1230
468 2174
2470 3528
1873 995
2568 949
2881 3567
2856 1826
1467 2003
1323 3037
3113 4205
4318 3910
4010 1250
4364 3567
1555 3933
4729 3121
2085 1284
148 2942
2396 3966
4736 3488
3246 1867
1626 3456
2016 939
4594 797
1968 3598
3703 3626
1148 4085
2090 1598
2823 3795
2472 2228
4955 2414
4913 2067
1500 1903
2537 876
2864 4399
3813 4770
113 2167
4637 954
2879 814
1006 3646
450 3950
3019 1674
2088 3594
281 118
1263 4699
2598 470
498 2101
1772 2283
988 2681
3607 3233
3724 1052
493 2797
1599 3964
3685 2380
1101 4375
923 1211
1396 250
4310 3259
1131 3479
3313 2728
3329 4676
4431 170
2499 1678
254 4699
1953 1109
3799 3369
4380 3612
2728 3812
1167 3968
3880 4165
3812 2935
1926 558
2883 2284
4871 860
2134 1195
1634 412
4045 10
4460 2272
1058 2290
3812 2357
931 4473
4263 463
2688 2296
966 436
2263 86
742 4647
2366 2633
2898 3920
4669 3993
3623 4137
2917 3803
2729 4837
889 519
1612 1825
196 1300
3402 784
639 4477
4561 2873
4926 513
1365 2893
4599 4309
3219 635
1838 4447
296 3727
1799 2625
4478 2301
3523 2197
2528 1334
3713 939
835 4252
270 945
2487 1643
4724 2053
3709 2214
4866 4626
4340 4470
4739 3188
2126 430
1230 2928
1911 3108
1566 4381
4378 4079
1493 141
3732 829
3963 3845
172 4728
4104 4404
3644 4914
2845 910
4769 2252
266 3969
4190 352
1903 2195
2251 1789
4349 2580
814 1757
1782 4272
4304 1762
1629 2648
1804 3746
1620 434
1161 1492
4424 2526
928 4324
3849 3591
195 2869
4837 3584
2094 1181
1243 2197
207 2203
1531 4423
4444 3131
841 4496
2867 2063
127 4487
2040 2689
1702 4536
1230 1404
4618 162
3521 133
418 974
3504 40
4746 3486
1377 2031
2859 4661
4392 2037
2991 3491
128 3630
752 2827
1682 58
75 1960
532 2547
498 2541
1974 2176
2679 3470
2688 1683
1485 1380
2639 3706
2129 3974
3793 955
3799 779
1457 1997
4454 3579
1265 4273
1644 1452
2031 3454
217 3601
3782 4521
3292 3768
4517 3148
1644 3101
2236 2697
2329 481
418 1141
3280 4251
4705 3285
2205 2450
4035 1181
3904 1113
542 350
784 342
4811 1836
3430 4889
2553 3244
1566 2472
4516 1827
4720 2863
4142 319
4704 1280
721 4013
4367 4307
1989 3656
2228 3769
1584 4350
459 4017
1159 3301
4438 1591
887 4923
4912 1700
1343 1930
468 1127
1479 4630
2185 2511
1950 4463
4503 3395
1204 1983
2072 3974
3449 2187
2304 2881
2322 4735
3072 803
721 2561
3768 3056
758 4350
3735 757
2239 856
107 364
844 428
4695 77
100 3857
1501 1807
2503 4682
2849 3770
3288 342
2999 4894
3618 663
3188 1615
1437 2964
962 3900
2900 2030
3633 4543
4936 213
4620 4573
2280 2018
1520 758
1847 4441
4225 2148
1307 2399
3469 4885
684 94
4889 582
1581 3457
4849 1427
1413 1024
673 2667
1643 980
2193 2570
1712 2418
3421 4882
1262 1737
2157 3622
3104 3867
4021 622
4975 253
2545 2526
3572 3928
4615 981
2068 2890
2706 1818
2459 2873
786 414
4376 595
818 3300
1959 1849
2718 1420
648 256
2760 449
3151 776
3793 3194
1206 1029
1767 2829
2525 620
1629 553
4424 3503
3498 4117
1851 1617
2904 1925
658 2326
4112 163
2302 491
691 2506
4709 4940
4486 1563
3372 2299
389 2735
2426 1262
4698 4590
1066 9
4758 3450
2160 4146
1636 1958
4800 3581
514 4727
1143 4236
234 3495
2043 2170
171 1634
4844 2744
2879 4457
2599 4952
1382 4211
49 4541
3305 4053
1484 3529
685 2810
4417 2056
353 4327
162 3913
3668 4649
50 2549
304 1159
1582 2244
4608 1828
2232 4705
2798 4031
3011 1236
264 224
1729 3199
2200 477
1249 4857
4517 3138
1753 1915
2052 167
2986 916
322 3929
2717 96
4064 4079
3552 4075
3129 2292
1605 3893
4191 4172
4815 4851
2862 1323
245 2626
2256 2488
640 923
4579 1520
1194 2608
4691 4565
4738 3375
866 680
2311 159
4715 2218
1810 4533
474 4859
351 1459
840 1645
2931 3140
469 3197
2623 4947
1498 2906
2678 2414
764 1878
4375 3811
1538 2031
4207 2760
152 2712
3165 2446
1222 2264
2032 265
2845 2894
3963 2060
2044 2571
2705 538
190 2320
4738 1633
4481 434
4598 4788
1582 3455
4833 955
4645 127
461 4997
2777 1763
4421 4733
1076 4921
724 4536
2155 2080
528 1434
4612 1816
1868 383
3403 154
182 4070
3644 3826
378 1755
321 1443
1913 2204
524 4864
4565 2614
2330 2198
3348 2072
2335 4450
4384 2918
1034 629
3306 4223
4095 1463
3607 967
3479 908
3658 424
3967 4063
1090 2930
3297 3076
898 4608
2409 4500
2638 1706
4935 1455
3255 2934
1808 471
4638 2878
3649 1386
4983 3741
3143 1733
4549 2936
4284 1976
4700 2043
2696 3168
4793 3572
388 3791
2043 953
209 4237
1098 34
874 4190
1842 931
2536 3764
2079 4008
2630 1639
4888 407
3954 692
4986 189
4810 336
1221 4262
3035 2189
197 769
3467 3061
4895 2486
100 3042
3742 1469
2914 1218
2689 4104
4882 3043
2413 2425
309 1198
4138 841
508 1522
2969 1697
4393 4124
4767 712
4512 1731
3239 3387
3258 2067
3150 1746
238 2001
1541 4803
4789 3433
2873 4002
3889 3185
1280 1636
872 2757
10 1068
714 3900
2460 3116
3902 4141
2616 3502
1969 1813
3314 361
3546 3740
2038 3111
4440 4904
2098 1190
807 4956
1091 2127
67 2141
894 4397
696 1913
2434 4945
647 1968
3427 3552
1511 137
3915 4419
606 4892
1983 2759
1769 3465
3929 1317
2485 3434
1701 1465
3965 907
525 1775
2417 3921
1204 2043
2347 2696
2943 4482
2418 2464
3513 2000
2841 2774
2379 621
3911 2338
2278 2504
4048 3702
1147 2054
683 3792
3580 2661
1208 2212
2518 2199
2387 3619
387 3228
3884 4279
2064 3865
1422 3553
3586 1196
2552 1343
883 2167
2536 993
4580 789
1364 4713
3471 3653
4932 1148
2616 4306
746 1830
2429 971
3247 208
1257 1679
2082 1998
953 1628
3171 4529
1065 849
263 2156
396 3837
4137 1003
289 3098
1243 2870
2039 3494
4466 3366
3469 2458
3620 4862
2752 4752
1500 821
3787 389
2860 2257
2242 763
4525 2738
1590 4293
1761 1345
3806 764
728 2001
2185 1947
3191 2034
2633 3124
2371 1958
4719 535
667 3508
3850 3617
3300 4868
314 3534
595 2514
1584 2616
2633 146
1635 643
4483 2763
1907 4102
946 4114
1066 2642
4659 3015
1166 3643
234 4358
2920 4989
4806 457
211 1046
4822 397
4222 1346
1279 3855
2579 1229
1118 1876
4206 2084
1165 946
1987 2878
4256 2542
3352 4594
4909 3743
3846 2400
386 4070
2784 1832
461 1329
2524 1305
233 229
3441 1664
4658 4467
3232 2471
1800 3756
3571 2410
3582 30
2764 598
3201 1121
2068 1169
2236 4893
1174 1881
3420 2171
3059 4645
3513 2445
1479 2960
3235 1658
4406 1777
2219 295
1002 2779
4600 4128
1154 1312
111 3581
3780 2682
12 2218
2335 2930
2420 748
2516 805
3135 1424
684 3054
4035 1819
3585 2348
2094 3710
3891 1792
1828 2083
2071 246
1860 3062
1483 2029
3934 1927
58 1397
3054 3810
2067 2395
488 4070
999 4340
1156 1638
4132 4873
1354 4209
1202 2691
268 3153
3266 1411
2847 600
2638 4500
2521 4316
814 4088
590 4750
3093 273
2757 93
2945 3376
3236 3660
2350 2453
234 1546
2418 4455
2655 3364
2829 4047
679 3805
4396 2354
868 1128
2090 3751
3799 3638
3988 589
1758 4434
3209 650
3588 1405
333 3166
1374 4767
4837 2603
4672 1512
4265 1255
702 298
2107 3931
4688 934
418 685
1736 1580
286 3678
4894 2582
1651 2791
1441 3482
1486 422
3873 3407
1889 983
4588 4025
3837 404
3538 233
3693 3801
1102 3457
4953 4741
733 3513
1913 1308
1263 669
4879 3802
3083 1358
2719 75
999 4523
761 3708
1821 500
3813 442
3775 2844
4635 111
4670 2718
4234 4644
935 1736
1624 4046
935 4486
3639 2847
3766 1585
2610 2466
1857 3323
1387 2314
502 1018
3930 2899
2699 4312
1322 1078
532 154
4574 1978
652 212
2069 1865
4407 450
2414 26
2983 40
3100 2459
890 2583
3027 4711
1131 1074
1790 1049
1435 886
1624 3071
4935 3133
2468 478
3348 3794
3399 2225
2417 2757
33 1752
1836 2591
1388 4578
373 2910
2195 3987
130 4044
2178 854
1804 4232
4577 1595
1138 4969
1620 4694
799 2737
1772 2924
2968 188
3067 4275
4957 1207
1588 140
1921 3805
3727 2307
1498 542
2567 316
4281 3450
3042 872
4475 2034
47 292
4632 1416
654 2548
2315 441
4250 1096
4 4323
1265 3496
348 290
2935 1302
848 921
1462 122
642 4553
970 3320
3986 4905
2904 3222
4896 2858
2684 2454
4922 3242
4600 2199
1434 445
1372 4920
2092 3325
1854 4711
3853 1571
4104 3848
1215 2228
4235 434
1221 1192
4851 1511
2409 2478
4621 815
3306 2491
263 4442
2159 1443
1488 3517
3443 2020
4241 1466
4979 3326
412 3258
2558 2571
2911 3561
534 3025
2852 1277
4014 1471
3417 256
932 3319
828 2024
4083 314
2487 390
4428 3503
3497 3066
4128 1179
2043 3433
392 1872
2636 4886
2166 1207
2392 3702
1463 2489
2385 777
583 4088
2566 1942
2630 1904
3802 1341
2950 4183
2000 1571
4602 1540
2453 77
2575 6
4463 1038
4216 2911
3911 692
335 1876
518 1846
4177 4896
3070 4893
4738 2606
1073 3830
932 3105
906 4638
15 4431
604 3547
1878 499
3440 111
4526 116
4122 3818
4327 46
2898 1037
186 2421
4556 2683
1778 4573
870 158
1767 3308
4704 4060
2444 4458
1227 3260
182 2586
146 2795
290 4332
1553 2788
3174 4944
3498 1570
1565 615
12 4007
465 671
2260 2061
4722 2834
990 3798
3723 1071
3429 2785
4668 49
4366 4111
676 2664
4632 1473
4780 4492
3301 620
4169 838
1556 3184
646 4182
3975 967
736 3106
4554 4238
1193 2758
3342 2414
2300 4603
2503 3258
4757 1599
2747 567
1955 3045
2111 2576
936 3764
2750 2163
3116 4081
1537 1714
1043 253
2288 4570
3397 1559
1942 5
475 3392
3267 2658
1166 1901
1359 519
1838 4451
2172 4810
4247 2903
182 2640
47 3327
2351 4881
254 3085
1440 1524
2414 853
619 4206
1775 3648
3273 1452
1642 4322
224 4127
234 4633
367 1913
4777 3182
1652 1136
1569 3001
2564 1457
3805 3838
1734 4979
138 4366
2204 4956
997 444
3930 4461
3941 2676
1135 2082
4954 3146
1489 3328
1786 3961
1339 4445
4776 3288
3798 4573
2429 471
1612 1356
3493 3752
4472 2616
1223 3282
4120 319
253 3028
1103 1059
4690 2703
4786 3546
4526 433
2374 903
3294 584
4556 13
3997 1696
3560 283
1927 3628
2349 1677
2898 805
36 1294
1308 1771
407 1412
1012 4120
3547 875
4011 3658
513 2246
2154 225
4876 4564
397 1376
400 4098
4349 3983
329 1383
4827 1946
2899 1963
4123 2447
2887 4522
596 1865
2214 1512
3170 4046
2606 2642
1621 1228
693 4299
3547 1098
4150 1615
4803 3772
2543 4268
319 3240
3953 3094
4670 463
177 4793
4198 2217
1799 1865
4824 4810
2236 4428
1803 2922
2318 294
4757 2516
47 766
4409 1893
4390 4161
1411 4722
233 226
1225 1482
981 2612
3638 1997
1941 1854
1300 2835
4022 2687
2035 1511
236 3002
2145 4954
3000 3775
2527 3465
665 606
3719 4983
3594 2925
276 1968
2890 3133
1892 4411
1085 1710
2159 1222
770 2741
223 2192
4414 3619
1929 969
3292 860
711 2238
3680 4597
4750 4256
4718 4750
167 2317
534 3318
486 2042
3312 633
3457 3817
2840 1133
4330 568
1230 2533
1630 810
2832 4643
4184 2424
4757 4335
2082 673
2218 518
2403 1792
770 208
1617 4195
2556 3595
2735 1958
3709 2928
2867 4932
307 933
3026 2011
3779 2175
367 1267
525 3211
127 2029
594 2336
4387 1328
1311 520
860 4189
2351 188
1992 946
1981 495
2788 3497
4314 1918
131 2236
2108 3225
4591 3725
2534 3910
4742 4710
3131 3526
304 4780
2631 2461
2223 3160
1630 966
2877 2529
2555 213
1208 2584
1414 2325
270 4999
599 3341
1347 3226
4496 2261
4360 4124
4625 3062
528 4808
1124 3058
4526 4579
3477 467
2224 1624
2249 2052
571 900
662 1838
1154 4921
2792 443
4044 4986
135 1243
2007 1005
49 1347
1679 171
3327 2841
1852 4037
4653 4969
3114 2216
2245 639
1961 2243
1925 3550
4612 3897
2171 2138
2298 2644
3814 1045
175 4482
3089 2042
595 3224
940 230
1349 1025
3462 2667
1649 3642
4391 3780
914 1256
2257 1403
3513 714
2074 4371
1751 4789
244 3584
3151 189
2642 3335
1159 1868
3662 1222
4743 3332
3896 3525
3464 2738
139 4343
4243 3803
4713 135
896 3123
3718 4857
2968 3126
2486 4236
2228 3386
4257 2267
2499 4530
1288 1842
4830 3842
3594 2887
4206 3327
3543 727
2222 869
4018 4787
3682 4510
1296 4993
777 4916
3017 4993
1650 3766
4293 4217
226 1630
3472 1576
4467 3440
42 484
4634 756
2569 2089
3025 3204
4207 209
3684 2297
3956 3331
2797 2583
2856 1093
2187 4583
11 3179
4886 4833
2763 659
804 193
3988 1135
2184 3623
4067 1133
3745 1709
3419 124
478 4689
1808 4573
3753 1524
3095 4762
4262 1838
4156 2091
803 407
2023 1201
707 977
1357 426
656 716
346 3195
3537 3842
4887 2457
3366 4293
2419 3900
4369 3212
1322 960
1591 3678
3458 2450
4209 1712
2856 1584
4126 2271
139 694
2036 4217
217 341
128 3061
3183 838
4030 416
623 2209
4066 2192
4307 3818
2754 2760
4353 2359
3114 3625
4901 851
3619 4380
487 4715
3291 379
1618 659
1517 2108
174 4808
2002 8
3991 2369
1272 1309
1048 723
3547 2530
2498 4331
855 1617
3141 4518
16 1367
541 2632
530 1174
4416 1094
4924 1701
2337 633
3377 421
243 4771
2584 1751
1750 2655
254 2537
822 4378
2327 4309
991 4506
3035 4142
1289 3929
1545 1650
4267 617
2722 3770
1418 94
4662 223
2375 4303
1572 2109
2173 2511
2731 617
2028 2786
594 2571
1936 740
233 1412
2880 24
962 3665
3561 4523
1287 3648
1118 3260
1186 3878
4169 4777
2581 416
2441 1211
1724 1550
4215 1237
3092 1791
4025 3405
2763 4926
2607 3287
3032 4070
3012 1274
3646 1476
2234 3434
2814 1840
112 463
3585 12
567 227
3211 143
1021 924
2168 4300
3119 4962
1240 3001
807 739
881 3911
3561 4556
3153 1569
331 962
2242 2223
328 4451
312 3031
4626 3947
1767 1924
4498 2872
2376 2068
2526 1189
833 3513
4368 2060
3917 2031
2746 555
1757 3603
4404 3785
2803 3217
3296 2944
2491 602
3356 4756
3493 1334
3747 4608
2571 4770
4359 4149
3106 3745
3197 2170
2376 4775
1220 1151
1441 3718
703 1134
1795 1390
4264 2851
3827 4314
1917 2956
1222 4217
164 1864
4134 2867
3253 3957
1364 373
3458 2190
2172 2145
2252 3489
2107 24
471 2951
4352 1209
4732 2011
2210 3920
270 3546
4392 4873
3474 2533
3665 2617
2125 342
3990 3664
2204 2247
2560 1311
2169 2541
3338 3093
118 3957
1107 4064
3861 2687
2584 4175
2290 2058
609 4511
3289 1860
2845 3733
194 4973
1695 1135
16 740
2183 2902
3247 4994
4745 2431
2946 203
713 2199
1158 4543
129 1472
754 3094
1626 3752
4610 1052
1752 294
4866 1392
294 410
1597 3629
4026 1524
1492 2382
4914 1163
3718 3568
1154 1032
214 2992
341 244
2611 3735
890 2027
1063 4954
2695 3987
2430 4620
1031 1930
3408 162
2125 3566
2553 4097
980 1556
554 462
1432 1850
3875 178
1070 7
3050 3647
1067 4206
4977 3708
994 3137
1587 2260
3021 4979
4860 2161
1504 2249
3669 710
1381 2753
3158 177
1725 2823
3780 610
3935 3103
4927 4121
510 2719
1197 1383
2469 1078
1679 1544
1665 4719
4597 1963
402 1681
2791 3037
3510 3195
1113 4136
3736 171
3831 2795
3034 1638
475 2551
3542 4846
2064 1818
2947 3609
930 3081
3320 1764
1276 1005
2829 3794
99 298
1725 2542
4993 3999
2900 1002
4868 1542
1377 4349
4254 2757
3297 4347
1558 4365
585 2533
3804 2656
2854 415
4305 2348
4335 2553
503 442
42 1845
4739 4263
944 468
586 1089
628 2309
2449 414
2267 1404
4883 199
4508 1055
3787 1274
2626 3166
1886 2946
27 4610
185 2628
2200 415
4038 4711
1139 2780
1806 3866
264 4619
330 4814
3068 4319
1143 1682
2088 2661
907 4975
2883 1386
4058 3000
2832 3405
778 95
2185 63
2479 681
3010 782
3046 2883
3542 2058
3421 355
310 516
456 880
2872 4685
1732 2692
2904 342
4034 3626
3046 3615
3469 1605
1143 2064
2327 4103
3304 2433
1098 1865
1338 4730
4530 3144
3361 4451
1206 2249
4018 3873
4906 4848
1093 4047
4346 1760
2495 3476
1091 4103
4965 4123
1980 3983
1894 2607
1978 2352
336 2854
2875 4553
2631 4302
2810 1087
3275 4753
3320 4733
653 2574
4553 814
1972 2033
2412 4041
3139 4711
2613 1640
4065 3215
4307 15
1701 93
1423 3459
4923 3907
999 4649
421 569
4784 2300
2486 3107
534 3231
4193 4859
2380 4319
746 4899
1462 4363
1893 2886
2305 3792
1718 547
4023 1242
4338 547
3461 3264
3631 4067
4971 4791
4550 1232
876 27
3848 1011
61 3180
512 3246
1513 2661
2471 4754
1696 2225
2777 4530
1603 4326
3671 360
2889 4103
3905 3313
315 1882
3542 1272
3924 1432
3897 1975
1510 2558
2035 2949
2492 4640
4060 4285
2289 196
240 4589
1704 477
1762 918
4887 1529
2604 578
3234 1724
3076 3584
3467 1967
1608 4733
3456 192
4338 2397
4091 3614
2693 2735
4678 1484
408 1237
2717 2867
546 4501
156 3754
4205 3029
3597 4721
3290 3545
3973 1431
1615 2460
3717 3729
2826 3821
3247 608
2456 1337
3 2500
843 962
366 770
2958 1668
2467 127
2662 3166
2640 4622
4011 446
4053 4905
2856 4653
3281 720
1755 952
1598 1026
614 3172
1856 1532
742 4175
1635 4043
3933 1195
2962 1161
2458 749
4636 4531
3023 101
2616 2919
4830 1132
2288 1688
1947 3428
3545 4511
3080 1079
2403 3598
1986 4702
2831 534
3409 3982
4891 1072
3791 2750
2632 4033
3469 3738
2994 2567
1247 3500
1470 3361
3287 3466
2239 3284
3464 1540
2825 2554
1500 121
4046 4273
4930 723
549 776
3237 2409
4400 4702
3298 1117
2467 2289
579 747
3882 1112
1624 2328
2982 4432
2294 1638
2198 1463
239 2718
767 497
4729 3432
1155 1399
2087 2468
3561 1237
4812 2519
3999 1956
3433 4533
4798 4176
2891 13
3299 4815
4485 4927
4440 1999
1380 1146
3538 2634
616 2895
1696 3911
1414 3298
2754 225
4409 3335
2922 3326
3570 1026
1411 3865
2746 1589
3485 4354
372 1279
2543 739
35 3504
3838 3226
1089 3341
2425 2280
1191 1497
3555 2304
4393 302
1067 2911
548 3803
3313 3226
3099 1773
4468 3835
4579 408
4663 628
2063 3661
1906 892
1992 4359
1723 3892
624 3828
2900 465
1819 3453
1084 4442
4376 2018
4946 1243
4562 3964
3127 38
4562 2347
2001 2042
4481 2755
777 4110
4820 300
2870 3077
4636 376
1600 4427
3852 1310
2962 1564
4431 1099
2323 4296
3941 945
1575 1018
4560 4100
1512 2993
4481 2928
4693 4334
2822 3727
4448 347
2707 1537
4979 2126
157 3845
3920 1406
4378 996
4496 876
2711 493
3900 4431
3890 3118
925 3327
2829 342
4230 4456
1737 470
3971 2561
4959 2220
2433 4574
4724 3760
1966 1234
1365 2845
3685 4412
2885 1942
3934 1940
3023 1252
973 2288
2960 4231
2710 830
967 2583
3663 678
106 2576
2178 13
1991 1739
1066 4938
1535 3248
3437 2454
4344 4744
1938 4557
2438 3672
3161 2991
2260 4271
1973 4992
1834 1199
3133 4207
4619 3894
961 4367
1951 3158
412 2207
1129 339
1631 567
2209 2401
2065 466
4650 3422
2142 1986
4696 1901
304 2118
2863 2942
2314 3035
1664 1457
2455 154
4220 1718
3027 3657
3384 147
1937 3492
1284 1658
4793 721
4770 1540
3958 4921
925 1323
4234 3465
2060 1462
3597 4179
3611 568
456 1751
3787 3487
687 4624
3318 413
1140 4838
2960 1533
2272 4064
2749 2477
106 3640
2929 2553
2774 4764
958 4795
2160 664
4106 1889
2901 2322
2189 427
1226 2638
2030 1000
1647 736
1493 4609
2713 1700
209 3973
1410 2778
3354 1447
3094 2554
258 4803
4843 3025
1139 2867
4699 4589
927 461
1425 783
4957 2357
2350 1584
506 1654
2761 4669
4648 2984
3914 1108
4774 2991
2699 648
923 4070
4701 1334
2900 4172
4784 866
2423 275
2574 165
2590 4978
626 1050
2774 580
1313 2929
4098 3530
533 754
4124 2002
2186 3720
4059 153
3783 1285
4316 2835
4615 1044
1441 2133
873 4123
2681 254
1963 4478
4531 2225
3994 4029
3063 761
1616 3838
3273 444
2797 3620
2498 184
373 2243
1276 2153
2870 3567
4333 1375
386 1157
4650 1063
1651 3391
3638 3741
1804 1497
441 2619
2177 271
985 525
417 4787
3401 2187
2273 414
4725 901
4176 3981
4306 3617
39 1991
549 4009
984 4703
3876 3535
2952 2341
3051 4572
4074 95
497 3434
4776 1912
2655 368
2489 320
4439 3551
4121 1695
2941 2152
821 1733
846 2586
3010 4496
423 2052
2201 4380
1082 348
3191 3940
790 1025
1530 2409
1865 4298
3483 1631
2955 1821
4011 4946
1958 1304
2939 1007
1267 2108
3566 2048
322 2896
1836 974
4709 1308
3596 2790
1555 4872
4271 2060
2749 662
1349 1909
4550 2226
3248 3932
3640 842
1130 242
1156 380
1608 3117
2843 1882
2500 3041
1051 533
1429 2089
3232 1330
547 2976
4297 534
3710 2625
1575 24
499 1610
4893 4756
1771 4035
2147 4117
4796 4918
3963 2565
3485 4815
3438 4417
2853 2799
294 1428
2790 3526
1793 1040
736 4571
3882 1452
1194 331
1464 4469
2253 3454
3661 956
1180 4182
1858 1507
2974 4926
1706 3552
4167 2208
4540 1941
2102 2399
1996 2363
1301 2197
537 654
471 2757
1515 2921
3910 1042
4063 467
241 1837
1727 2893
2305 3911
4465 2219
906 657
1174 2859
4191 194
458 4091
540 3064
83 374
462 3839
304 2578
1389 2078
7 388
3420 4610
556 3868
1143 4406
3613 305
742 4858
2533 3339
1588 628
3407 1857
438 759
4252 3753
4469 1351
2737 2569
2650 2195
4319 3782
4934 1943
1600 1331
117 3923
4561 1872
4161 1761
4684 2676
2384 3947
450 4522
1734 1011
3092 4699
4101 2101
1757 3438
3792 973
3808 3604
1740 587
510 799
4211 374
1245 1067
4132 3604
3333 266
3943 2613
1148 4738
1291 2962
1435 4970
4323 1151
2074 4167
1964 4427
521 3096
1643 150
4342 3192
493 1239
2484 2806
2201 2008
404 4288
925 3042
2387 2047
3437 2651
2239 2273
2321 2116
93 131
3919 359
2855 1709
676 4172
3103 1499
666 2998
4917 1460
4774 1322
3263 3126
3007 4993
3782 4482
2277 992
50 3328
1870 766
1234 895
2403 4115
2527 4528
788 1782
2933 3834
169 1031
3135 1167
159 3339
2649 1093
830 3231
1147 3268
4598 1225
3163 1048
425 357
3180 3464
3160 3477
1827 2209
3777 340
2185 1905
1870 624
4432 2530
1765 3595
3849 2233
2138 4806
3711 3596
2528 2048
43 2310
117 3491
864 648
4292 1016
3521 2911
3682 551
4345 2317
2796 2944
20 3068
1901 2853
4709 3535
3714 1970
3369 2965
1660 4037
684 347
1524 4026
3364 1648
615 4426
101 4034
694 2833
200 3533
4367 2287
2921 4987
4122 2455
3071 2936
2021 1777
4645 2606
4879 1048
3674 1235
1501 2917
1191 1519
3533 4450
2629 2472
2389 1338
2815 2753
3464 57
1868 3315
2897 2805
3306 3023
903 4675
36 1193
1690 1829
3629 3469
4060 3166
2767 68
3212 3153
2977 2289
2312 2232
669 2158
2178 1391
2244 3225
931 4310
3433 923
609 3086
3507 2553
4224 2291
4480 4111
2810 3681
2740 2730
2487 4974
4732 2689
666 1768
3607 4445
1814 1118
1117 1409
2837 3388
1166 3204
214 1496
4605 2244
2391 3042
1160 3359
3652 1716
2704 1215
4139 2164
2037 1434
612 3170
276 2805
4058 725
4327 4169
3419 3702
4774 4998
1958 2050
3936 1634
2142 4722
4459 3216
1193 37
1143 3168
3432 1337
202 1058
37 4235
2489 3144
371 988
1452 2994
1945 3394
4846 1375
4514 3788
4478 2198
2395 1351
2007 1161
1106 400
1183 268
3264 2402
1665 3641
3563 1574
1870 216
2379 4086
3472 1938
1724 1112
4935 551
4914 2902
3839 2799
2264 72
3190 1679
2788 2579
2356 607
2028 2175
347 515
3673 223
3121 4693
258 3982
3790 1784
3871 1086
2176 2831
1716 4561
177 3390
2676 201
4598 3908
393 4512
4801 583
4982 1580
842 1905
1163 3160
1948 3757
4425 3561
2883 1278
740 1979
4368 3627
1985 1935
2147 4191
4233 2187
467 4809
27 3907
3866 1146
2714 2189
2519 4345
4714 4264
427 1036
1584 2099
1204 4922
2906 3917
2611 2608
3471 1306
387 593
4766 4495
4372 990
2573 1948
3954 3239
4911 1360
4431 1534
3656 3860
70 1991
2919 557
2429 3604
3497 1562
2326 95
3566 1880
2537 1342
3939 138
1113 3251
1763 2384
4259 2400
553 176
4329 3465
3548 3803
834 4332
4358 1502
3232 1252
3846 3689
3940 1323
4013 3913
4228 3467
1247 837
4798 1242
3749 3899
4015 2754
2708 2900
3417 789
192 4636
3148 2601
383 4579
2259 3909
4080 4239
1248 4626
519 1631
57 899
3547 559
3551 4641
1449 3829
3072 4589
4797 3735
1266 614
647 288
3356 2972
854 1149
4769 133
1953 4336
1756 383
1075 2235
84 3679
306 3793
457 4836
3052 1311
2624 205
1734 1944
3772 4354
926 1808
3674 3588
4973 3735
113 2129
2491 3813
3284 2916
476 1265
3511 1514
2178 4166
4964 2096
3763 2059
91 3621
3558 4547
80 1029
1706 569
2523 2410
4827 4090
1833 253
4127 2468
3344 3871
2574 4714
1015 3605
2636 3760
4962 12
1296 3795
2296 3560
1897 1559
894 52
3688 1382
726 4209
77 3843
4091 4115
2580 2354
569 4153
408 1861
4358 172
1100 3431
4974 1480
2297 2787
4403 1629
4612 2438
3438 79
2285 3382
1100 578
4256 2596
1119 3173
3424 4584
2627 4654
3895 4705
3043 4604
335 463
2724 2012
3867 708
2557 4413
705 39
4315 2618
2260 1477
3054 1498
2020 736
2666 3312
1085 4869
3042 3582
2894 1586
2128 2531
931 2922
3370 3769
2096 2528
582 590
4718 204
4397 4560
4475 2747
2807 3654
2905 1584
2628 2206
50 4848
3764 4622
1334 4544
4071 523
4746 3171
2983 4756
2914 4321
4045 2858
2050 3400
4613 1179
1481 924
3388 2646
998 2403
1309 2981
2326 744
3570 4675
2001 1405
4143 1652
2429 622
4914 3343
2016 1437
1919 1428
797 4591
1290 61
4660 902
3403 148
3551 1263
4498 2236
2386 807
3953 3854
4444 3845
4401 1679
685 3310
1072 4508
4729 450
2541 3770
4346 2136
3897 2756
4226 1099
2526 3001
4591 1154
3561 4332
1505 260
3892 1702
1661 4916
489 2737
3861 2308
1655 4633
2179 1300
3443 2099
1009 4180
2737 2213
2593 3337
1930 4345
2170 903
3632 3214
4257 2686
3902 4639
2384 1577
4010 4302
1143 2603
1403 883
3674 4296
2111 1217
4208 4412
326 4245
4949 2589
748 1969
4350 1115
3711 905
1562 1950
4894 2587
4429 1668
1691 4233
4398 1787
3300 3256
1350 3250
4032 2966
4984 43
2594 3450
3977 4735
1086 62
1523 4989
4424 2483
3049 3609
562 1617
671 565
3064 2459
908 2512
334 2443
3214 544
1586 3064
4309 4296
4903 2651
3136 3514
1032 3167
2512 3047
2828 4997
2964 2198
4163 103
2946 3355
1745 1923
72 3070
1013 4275
4244 3425
1345 1487
3546 4009
4525 4430
964 2594
1768 1509
3873 3402
2553 1879
978 1164
4804 1011
3946 399
1477 1043
218 3940
1392 2118
189 4562
2816 681
4905 1743
4720 2794
1971 4932
4167 3909
1935 3706
4782 781
1700 4907
4661 42
4382 4062
2173 3124
2056 524
781 3951
2636 1258
455 4017
4256 4936
3697 4724
3379 3328
3357 3150
3538 966
1906 3144
4097 4004
4497 2561
805 2278
4306 2997
1362 4300
2199 1727
795 3123
3562 1452
1727 188
3218 4250
3067 3047
1645 1082
3419 2759
506 4787
4959 3428
3490 3959
4683 724
3365 1170
4252 43
1228 4130
4060 1854
1334 3998
3856 974
4436 2218
4292 2019
1535 4324
1084 3921
1763 3343
3329 1616
1986 502
2410 564
2280 3381
308 4006
932 715
1273 1640
805 543
4343 3227
1683 3460
2911 4211
484 1734
676 3856
1092 1136
2362 2005
3392 3027
1619 1033
4873 865
4160 2340
1426 3565
3357 1563
4329 3672
3466 41
3168 2267
2166 2875
2537 4868
2028 4077
240 273
3418 403
1385 3536
4230 3916
3933 2931
2518 3367
4927 2839
3976 2972
2505 2021
1687 3548
2862 1279
4450 2801
1979 4506
2574 790
4394 2157
964 4700
4535 4920
1994 994
1338 3830
291 3365
2370 4392
1443 1417
749 2913
2192 2518
881 2334
638 4028
1890 1284
4879 2030
4522 4469
847 4314
3044 2833
235 103
3191 2781
2197 914
2270 3766
1373 893
1067 2866
1752 3482
4310 76
1151 3681
2099 4748
4868 994
3303 1044
4094 3598
2902 4059
2332 2783
3311 3308
994 1529
951 4456
3646 1484
2798 930
3452 3142
113 4216
505 2921
3659 4730
4491 3526
3009 3353
2258 892
4710 1341
4061 1590
2313 264
3891 1582
1344 1124
2629 4137
4457 3545
975 4093
2622 4125
2085 871
3202 2549
3180 1640
4241 3495
2941 1175
4592 2747
1358 1294
3037 262
4275 175
2192 4303
4848 3413
4764 3661
840 4280
4550 2880
2166 199
2057 323
2128 4050
1887 2571
4446 3695
4869 2691
1753 2269
3469 317
620 3925
3570 3631
4732 3654
3788 453
3344 3099
131 1330
157 3697
2759 1919
1810 1170
2753 1694
4780 495
2291 2884
3423 2388
425 3548
3173 4290
3797 1956
3111 4841
1402 4923
3154 1139
2297 4661
3125 2148
3222 1498
3505 2449
775 968
4863 2346
2295 2598
2564 3582
2223 213
2925 3044
3101 3344
3571 257
3205 204
1234 1942
337 404
946 610
851 4931
837 4770
1218 3834
304 1369
1544 666
4620 4489
75 88
4175 3198
4728 4394
2842 4549
1578 1392
2418 838
2161 3368
3924 4383
4021 4170
3824 827
1216 1993
311 1823
4807 2228
1081 1108
2393 3871
1142 3072
2094 3180
1336 3509
1798 3162
728 4423
1345 2339
368 2066
3658 863
786 834
4296 1702
4777 2157
452 4578
242 2061
3156 2939
1868 4229
3339 1740
1341 4826
2869 482
1110 3124
4990 1174
4511 1247
3514 4454
3660 4573
4728 3213
4339 3595
3417 4178
2852 2652
3674 4099
2732 791
2123 4726
546 4060
4122 4761
2145 891
953 1010
3972 2123
3929 152
175 1566
2075 579
672 2621
1414 961
1906 2539
667 4191
1767 1245
4088 997
3049 3565
4312 992
2859 3520
153 1625
4092 1689
2952 2759
821 1826
963 2330
1998 3916
2272 203
517 3518
3477 4305
779 1272
3644 541
4721 2757
4196 3792
1418 2003
672 4019
4008 1518
1972 3831
3390 3153
1509 1962
3667 1652
756 3339
414 1336
2342 187
18 4418
2072 400
918 4982
435 2943
3705 3242
1209 4620
2488 4817
4207 459
3365 3013
1628 3859
2973 1240
3546 881
1011 2875
4243 1146
4132 20
1007 1852
357 3564
2340 1583
4300 3183
1435 3550
3570 3677
2757 1650
4225 364
2124 1066
4279 3635
1187 375
2220 2095
4402 2001
2235 3912
2460 4651
3387 2505
3467 630
437 1950
1506 330
1276 222
2367 3008
3520 3880
46 805
2017 1572
3180 4249
289 2220
3312 726
343 3478
1200 1452
1769 1032
138 805
1936 4644
1580 3042
2577 1581
4586 1096
679 3784
4263 312
2778 3298
1923 82
1563 4698
3348 3046
4107 4594
1 2009
4508 410
2236 4465
2579 728
1184 874
1752 1123
3622 4780
4318 911
3003 723
596 4745
3654 2150
901 2957
2452 385
677 1326
750 4290
3846 1605
3112 314
2569 3403
4333 3603
4696 3230
1800 924
4636 461
3484 2079
1953 657
2471 4292
2612 4156
290 2466
827 3972
2152 1715
479 4119
2351 2245
3896 1789
1479 3480
434 2379
2152 2578
172 1383
2758 2402
1499 1745
4428 4955
959 4987
1769 2392
4048 303
2136 2669
1985 3993
140 1570
865 1390
2741 1671
4033 1423
3628 3488
4603 2086
4417 2851
788 4839
3471 1308
4707 3435
3436 1630
2010 4823
1739 4271
3934 4827
4208 3696
4795 4070
641 3696
4363 260
2055 1853
2172 1115
39 4129
1228 1291
1390 976
2735 1677
2640 372
1491 3831
4144 880
1435 4776
2636 1014
2149 2850
3889 1954
2800 3339
4041 2130
462 2995
3124 3951
1947 1693
2219 3013
2410 3448
1849 2686
1450 776
1346 1881
2434 1721
945 3632
3927 3127
4697 2042
65 2540
4237 2850
3576 2692
404 4547
2708 1642
4588 3868
517 1997
458 3031
3526 295
1092 963
47 3950
3704 3619
3608 1841
4947 3106
2215 321
2174 169
4861 3395
555 559
2419 2281
3315 1993
2734 3959
1584 210
664 3756
1159 4184
2116 4295
3814 4119
3029 3627
4651 1420
385 984
3977 1746
3908 4583
3231 885
2516 437
4452 944
1724 1311
2002 4224
4335 4953
730 3199
3181 3369
4121 151
4183 1731
76 3101
1758 1639
1353 1446
4736 3304
2219 3824
778 1157
4041 718
4957 3536
3224 1255
4760 1059
718 3248
1061 188
4919 1995
4024 3099
1629 4155
1079 1158
2413 2802
2875 1466
3391 740
631 2404
1609 4694
2008 638
1659 4659
2551 3951
2242 2452
2030 725
4608 4982
4491 1904
177 965
4960 3288
2939 1630
2604 3943
1561 2286
365 3311
140 2899
1919 4483
2745 1211
1058 879
1297 2740
2745 1522
1802 3584
2918 4840
1026 1590
1850 420
596 4437
1924 1404
2913 3650
2551 4656
993 4634
3075 2339
1244 2399
1170 3253
803 2958
3857 1644
1483 1374
2144 4319
4023 1675
4383 2672
4755 2872
1943 3032
4398 1411
1836 3512
59 620
2182 1231
3443 47
1760 1892
2227 1394
1615 3094
1105 2857
1257 4112
602 705
1680 4718
3520 2208
1347 3559
3795 3154
3085 4688
1114 2486
1725 2643
4045 3801
2171 2965
2598 345
4415 2347
4799 3249
3815 4455
4942 2980
1352 985
901 4326
4276 1592
3959 4637
1863 881
4065 3472
2368 4141
2707 3965
4145 1619
2243 3542
1362 106
2132 2242
3039 757
4477 2018
341 4473
1202 4199
4373 3127
4814 1921
2262 4702
4109 2039
1851 2782
4519 4494
3153 3076
4432 550
1713 500
1481 441
4971 711
2235 4220
673 739
2450 1167
943 1768
2288 4050
2554 4204
2057 3789
3458 1947
3857 2725
4809 998
4374 526
4295 2146
4215 2087
4683 4325
1136 1313
3431 2509
1866 4939
2211 2150
4748 739
4425 153
2696 4524
262 3201
3617 4084
3202 3263
2656 67
477 4135
3917 584
4549 4380
2380 4582
2085 308
4036 3423
2243 4969
22 2527
1919 1657
320 3841
4200 3292
4319 985
184 3365
848 3262
4417 1244
392 1637
1854 1614
2508 4798
829 2626
2215 4188
2353 2143
3670 453
2273 1365
47 694
2472 808
2347 4970
4448 4089
1992 3932
2923 210
762 837
4670 3301
1867 3847
2522 3553
1695 4284
1315 2149
1548 2776
3913 2710
4895 4579
3569 1224
3432 2179
108 990
646 365
3650 4222
13 853
2167 3972
84 2298
3786 4009
3306 809
2676 4102
4900 4827
442 3245
1393 1657
814 1898
1653 4737
2923 1305
3451 2314
2981 4215
1977 2449
1477 4313
734 1540
4126 560
3639 1560
2011 989
3058 4133
4072 4062
399 330
504 2502
1192 4394
4378 4427
4418 270
3238 1368
583 4508
4950 2938
2675 3657
4236 2894
2321 30
2466 934
1167 4617
2323 3280
514 2097
134 408
1931 2546
4818 146
4661 142
3982 1981
3938 4219
156 4030
908 3094
2454 3033
2844 3927
1877 1673
2031 1962
2127 3573
4595 443
3860 2856
3159 963
698 4730
4627 540
2736 847
2195 3146
946 3380
1013 3813
2086 4314
4433 2657
3285 2223
1083 4176
4350 2545
172 3130
4485 4418
2198 3466
257 3892
741 150
2969 2570
3592 3621
1177 3294
4214 3961
896 1568
861 568
1830 2140
3367 2841
2095 1015
1801 2614
1770 3862
3238 4804
4503 2597
3958 165
4589 3789
923 4466
1520 2410
602 2157
4234 2766
3116 4704
2614 1096
2589 3032
1463 503
3409 3741
2364 1977
2439 781
2890 4975
1147 4071
1543 4503
4461 1593
903 3217
1128 4096
4610 1293
1292 3191
1540 2727
665 4811
775 1915
401 4867
1693 1825
2024 4710
466 101
3336 3680
981 3821
2717 283
172 4503
3832 3754
3541 4909
584 399
1169 2543
4676 252
795 4565
4515 4597
3657 104
3603 2058
3300 4368
4604 4158
2724 785
4867 3085
4826 547
862 505
418 4210
3502 2102
4311 3513
3827 2345
1703 3554
2019 2896
3793 3383
3773 180
3588 719
2897 2082
77 816
4597 1978
4064 1501
3792 3375
231 2597
3580 3918
3976 3006
2342 1975
2103 3344
4745 80
224 1766
3320 984
817 1361
2876 686
3852 368
4652 3746
109 1143
464 3908
1718 1483
4737 3334
4247 1666
4242 4269
2200 4963
3941 2970
1512 2666
2513 2306
1605 4969
2896 2274
269 838
1339 988
4269 2339
4189 2694
1956 2308
4944 4803
2443 3778
4566 1951
1989 3949
778 955
2121 351
4542 2815
4791 2291
3292 3940
1437 3631
1124 2024
540 3346
2203 2153
1468 3455
1024 3196
4782 1521
1851 25
2547 364
442 3692
4727 4390
3071 2089
407 4825
418 3719
3470 4156
4526 3986
3856 4351
335 3896
3384 1875
1403 2122
2810 1656
2893 4901
1831 2606
4513 2304
2619 2982
3860 1186
1911 204
3937 4594
3708 4076
1481 2593
2699 3248
1166 410
4999 2685
264 318
2813 841
3222 1323
3871 2601
2274 3530
284 2110
1815 4881
1189 1578
2094 1753
716 1830
1947 176
337 4769
3396 4014
4118 3662
4386 1284
1667 1704
1602 2119
1831 1130
2748 575
2323 4178
525 843
4090 1975
643 3045
3835 2915
955 4178
2740 3991
1364 2729
880 3600
2553 4182
3928 4914
1199 3298
4681 3514
3922 1224
1017 1358
1208 3488
3226 3662
3550 4777
680 3638
825 3790
4799 491
142 3695
4995 4770
911 2409
2103 4184
2989 2122
4507 4186
3376 1346
2727 3999
1705 4303
4210 672
4785 113
1273 891
116 1642
2488 4114
916 957
2999 3394
3109 842
4716 3309
4113 2037
1610 1611
1515 1292
4573 3129
2464 1699
4679 2307
3974 650
343 3613
4229 4559
298 935
4903 3309
3326 3534
