1000 10000
458 254
376 828
675 164
421 223
116 328
535 154
194 192
736 615
787 980
575 793
492 158
663 567
884 941
224 958
558 261
458 766
860 812
488 741
874 197
38 87
763 693
202 674
588 371
157 599
692 590
210 939
869 248
702 938
185 100
869 719
299 340
275 973
601 361
859 428
72 598
747 545
511 545
14 887
546 694
415 275
916 485
528 629
788 691
812 589
905 545
97 897
737 179
965 715
297 810
951 12
493 777
741 695
371 260
24 809
476 904
618 39
532 987
151 396
749 74
641 762
700 98
558 359
327 781
894 613
528 586
964 866
368 142
391 332
141 913
547 689
996 548
528 274
7 841
154 635
251 130
346 277
678 949
499 563
197 854
224 775
897 592
152 837
415 937
823 695
851 963
520 281
432 832
947 431
692 932
738 369
898 394
202 270
531 969
874 110
358 839
139 154
851 798
857 154
117 327
750 597
682 965
359 49
226 634
315 575
985 887
96 320
985 286
186 563
335 30
678 647
925 3
205 492
524 766
568 551
496 175
175 851
793 101
766 446
66 253
995 366
630 871
676 808
276 322
644 398
182 815
490 543
242 74
529 188
542 576
212 43
230 968
263 976
14 29
164 392
356 865
56 973
411 216
333 867
845 471
650 789
190 579
915 935
56 291
48 877
598 600
725 885
5 429
940 53
62 816
854 897
418 801
481 792
440 679
268 757
923 250
794 575
858 785
923 875
106 306
56 415
409 221
447 982
817 248
161 334
675 233
807 441
67 341
502 358
142 100
505 150
18 614
896 347
689 334
459 248
482 727
412 673
535 599
985 285
732 76
900 598
859 480
42 531
965 240
608 549
288 884
361 305
746 710
122 238
147 872
768 35
497 740
723 162
307 499
356 144
938 813
253 972
607 173
573 498
781 235
446 83
249 137
780 226
677 458
370 934
994 974
147 948
765 986
158 416
506 128
442 223
364 781
483 183
956 279
330 427
513 432
785 110
545 437
889 797
204 224
929 830
618 633
428 63
390 61
209 736
227 568
971 27
235 370
201 754
703 341
913 583
399 343
391 50
774 601
377 66
470 669
373 48
775 705
212 13
862 857
621 705
541 491
34 195
558 220
73 91
156 860
443 585
343 728
632 840
7 234
883 839
265 532
111 909
744 25
334 459
54 942
246 285
591 820
551 905
584 11
184 642
97 286
52 795
892 773
724 484
424 173
85 243
979 30
828 259
701 990
814 525
665 551
456 79
876 88
737 553
573 771
593 442
725 509
549 21
937 369
46 249
199 243
281 301
276 145
710 493
140 936
635 345
150 144
504 282
378 390
894 216
181 320
508 648
100 19
377 763
695 221
918 979
961 974
502 593
34 249
674 614
789 704
3 741
842 767
285 881
345 292
571 45
630 111
939 490
670 964
646 916
700 526
353 692
642 477
976 254
463 464
283 34
250 630
868 440
25 985
157 503
202 488
218 229
694 203
487 385
349 488
739 907
167 102
477 782
212 185
390 509
680 655
129 866
83 529
374 682
238 844
751 3
192 252
665 194
73 967
719 593
107 532
979 896
234 581
702 924
665 385
550 436
740 454
815 496
268 104
416 234
516 659
423 227
303 412
213 390
804 218
195 180
842 786
458 446
78 80
76 904
248 539
159 930
323 551
118 41
992 528
769 700
800 69
958 269
825 169
208 842
233 819
605 967
551 374
621 165
49 957
239 450
441 730
918 37
360 2
256 549
123 836
53 483
786 375
649 495
168 34
209 301
997 295
767 199
111 372
775 895
747 848
817 582
807 621
671 664
276 323
780 726
667 518
402 615
94 146
296 675
322 590
933 789
193 79
72 169
338 157
669 208
834 526
823 374
773 306
206 252
583 250
784 577
877 682
834 165
156 823
932 137
472 638
672 884
799 371
494 776
423 161
328 335
206 809
42 947
380 676
903 2
276 42
923 736
851 708
869 784
407 307
190 948
448 403
136 963
679 582
21 745
682 82
914 787
469 894
506 790
772 991
105 742
543 554
879 201
744 977
572 148
380 860
662 340
4 59
150 119
105 760
361 830
566 654
674 445
535 539
545 211
422 517
439 607
488 350
652 139
127 865
542 760
821 320
672 221
124 459
25 168
25 150
265 144
668 133
799 870
748 490
465 321
179 587
401 633
76 138
242 12
386 915
240 715
989 508
387 830
975 187
764 962
631 454
77 789
248 164
308 186
848 499
371 700
168 37
697 990
827 747
686 457
584 781
720 394
577 354
452 288
490 25
595 92
252 812
546 60
848 25
254 410
213 135
842 999
640 554
189 509
950 605
874 248
455 614
153 578
23 861
940 89
287 793
558 642
594 633
797 618
771 916
77 756
347 399
236 396
140 443
952 102
614 825
664 662
210 143
456 288
2 585
242 499
820 757
159 707
200 32
670 893
777 392
896 406
198 254
982 980
904 102
86 779
211 992
563 13
36 174
485 507
874 314
986 663
913 159
405 30
934 851
862 668
576 194
936 705
669 823
367 617
644 427
44 668
393 453
680 371
103 89
897 965
924 868
940 836
431 194
944 839
477 777
596 366
352 335
374 96
446 368
515 350
852 556
445 704
220 670
854 139
929 772
292 403
787 696
974 113
243 214
49 826
237 971
521 86
677 798
439 124
242 616
150 429
181 939
686 170
492 865
600 374
74 138
367 957
878 438
855 965
555 547
79 162
516 264
172 479
347 197
437 998
556 37
762 603
410 607
855 246
102 40
908 803
181 942
942 920
35 955
63 904
86 145
844 350
698 598
85 620
937 54
167 831
552 390
217 714
402 686
732 789
901 714
705 412
958 683
447 895
91 844
365 675
187 652
787 242
801 510
774 913
857 641
756 166
556 542
248 111
927 235
115 44
765 90
951 593
171 868
478 988
389 666
131 781
703 221
367 972
83 118
74 835
188 121
973 802
439 119
221 7
203 412
340 239
730 281
524 808
768 402
294 970
633 183
329 441
42 122
266 144
724 938
819 679
241 458
899 363
631 353
593 179
561 278
826 661
84 488
261 642
978 727
837 162
176 287
477 912
708 856
635 228
203 62
402 647
83 46
671 91
386 521
883 421
96 702
816 588
322 367
81 738
904 106
522 175
224 708
56 707
852 487
902 304
827 803
470 766
727 406
105 946
834 292
162 99
787 856
995 91
935 233
700 783
518 21
273 909
838 668
472 817
932 650
50 938
962 826
803 362
672 692
401 102
941 946
250 470
17 868
205 275
836 49
289 97
291 55
977 257
164 423
964 480
932 177
893 390
451 601
906 395
410 247
459 881
775 100
16 341
800 422
715 515
43 326
884 701
371 966
6 529
562 287
437 115
699 12
226 988
277 584
722 285
753 139
109 734
356 403
130 44
955 143
173 448
868 678
466 735
517 662
392 665
723 281
211 789
821 540
147 986
946 563
115 435
501 556
479 191
510 325
999 645
667 994
442 734
432 967
994 416
269 555
443 697
640 980
691 553
439 680
151 879
454 956
894 522
821 343
68 946
159 711
772 878
959 174
66 77
233 100
103 707
724 79
371 436
139 622
48 449
621 440
286 279
990 838
545 40
771 512
204 34
601 323
322 214
874 208
599 490
906 727
196 410
810 698
169 579
436 324
118 632
431 157
144 428
430 504
188 543
989 942
81 431
476 449
216 188
106 864
658 377
681 887
634 905
70 471
217 254
705 287
287 723
259 778
428 970
67 920
755 484
801 678
938 111
361 374
416 747
435 833
758 958
902 75
191 891
194 290
914 879
606 1
372 381
477 746
210 250
277 950
803 889
993 904
782 4
471 730
844 580
723 895
735 478
406 848
704 103
421 591
235 677
381 823
115 886
447 107
733 256
382 350
718 214
112 669
677 746
897 32
643 714
929 577
349 524
506 458
461 168
179 289
395 657
230 96
597 234
488 849
669 371
824 521
777 80
318 490
352 361
833 214
149 500
13 340
58 95
980 44
399 634
357 425
404 57
206 13
402 206
479 909
960 972
333 609
408 267
336 245
763 927
809 623
85 363
796 157
543 723
240 902
438 908
184 2
167 415
137 469
359 716
119 198
381 131
475 994
402 23
729 716
822 586
538 470
664 588
855 674
526 810
416 991
137 688
24 500
531 834
506 635
759 725
868 749
313 588
299 487
249 968
171 217
966 138
23 806
367 29
11 497
825 375
444 241
98 695
727 238
67 163
482 237
806 133
862 600
255 198
895 86
957 728
492 994
955 878
329 311
688 204
465 593
272 969
268 505
849 747
276 717
430 410
639 130
963 798
784 451
638 249
313 734
229 688
110 899
661 605
453 12
1 407
884 655
826 950
933 272
370 874
467 44
403 12
256 300
158 566
661 275
616 705
79 40
540 317
609 8
448 22
583 472
73 445
102 279
673 973
764 861
149 805
15 747
297 278
984 14
977 286
548 690
179 614
813 6
84 219
919 852
554 300
831 204
144 848
742 311
788 323
145 216
811 79
589 183
0 230
853 994
374 25
95 171
634 38
792 991
144 609
12 230
700 775
336 631
222 148
743 946
177 746
312 565
601 813
285 622
962 708
847 164
673 19
712 915
440 664
718 482
912 887
61 396
134 223
684 282
709 868
292 140
73 54
23 228
707 775
163 233
803 906
761 226
450 760
31 192
396 882
917 639
961 846
685 838
902 407
103 675
828 382
140 99
661 390
4 690
399 486
978 540
927 928
383 405
860 399
872 77
280 701
281 768
957 733
127 769
842 431
617 14
160 354
320 464
143 768
551 825
70 93
769 786
649 205
899 612
260 896
649 765
627 165
977 268
304 57
139 126
613 620
744 145
780 998
778 777
463 145
181 851
169 282
359 241
200 265
77 919
219 424
23 114
94 19
112 550
119 585
528 662
941 402
415 164
636 510
524 20
269 27
783 173
517 872
586 756
564 925
316 335
649 945
979 71
329 302
371 311
702 38
225 894
700 954
418 584
306 234
763 737
63 105
797 794
242 771
60 600
304 487
159 871
751 947
491 220
885 233
416 697
227 355
489 392
943 206
813 217
954 651
700 430
225 56
794 64
702 79
287 414
847 845
682 514
864 380
917 711
459 874
911 592
494 546
545 760
693 502
348 731
228 988
605 883
386 638
666 899
855 962
340 965
52 271
676 962
162 585
832 459
363 335
79 95
507 705
576 98
882 441
490 514
750 114
65 898
499 730
687 897
928 74
184 873
806 105
999 652
74 718
885 958
845 808
945 61
180 528
101 232
870 170
162 325
193 733
30 947
155 326
322 484
996 341
377 895
603 938
129 256
352 157
30 572
498 256
945 723
286 733
347 511
309 6
36 359
994 929
446 606
203 763
933 424
277 896
71 980
939 292
836 786
591 608
855 499
784 418
278 214
100 898
28 981
765 307
370 794
352 339
932 260
210 71
456 746
324 977
391 193
564 329
392 828
49 272
464 478
170 606
824 347
790 40
64 755
272 854
367 956
264 69
155 106
146 223
305 501
654 577
701 186
719 649
385 114
787 251
970 897
573 632
938 479
348 241
185 816
550 505
850 447
480 868
937 867
874 452
833 810
858 865
596 890
48 434
260 59
769 46
196 908
101 550
843 421
638 467
673 738
795 329
70 294
835 493
878 945
819 57
948 11
834 226
436 924
207 760
669 243
235 311
744 855
882 313
388 406
63 333
398 322
942 790
966 853
836 32
797 683
529 598
631 419
725 273
518 576
628 438
468 331
318 18
83 402
205 599
348 703
341 926
0 220
888 700
261 565
44 841
828 66
256 264
783 847
985 190
364 680
498 760
9 21
124 722
934 925
501 263
787 670
992 660
433 576
665 513
960 418
35 503
41 594
197 94
177 985
556 563
723 470
864 349
175 8
679 498
558 604
17 800
276 612
162 129
992 578
57 555
36 471
281 375
161 214
614 553
419 99
841 786
0 623
58 792
51 858
375 969
484 911
625 792
361 158
283 964
285 829
731 456
927 897
912 447
389 533
254 359
69 702
990 650
715 946
495 30
624 622
178 773
20 822
232 574
959 144
232 879
729 645
217 42
881 529
356 569
768 491
328 603
163 312
471 758
504 466
547 622
381 844
449 421
198 639
995 792
601 134
71 47
646 533
458 556
188 126
905 56
626 953
960 881
871 947
89 177
470 907
885 725
254 773
372 517
608 18
826 977
958 508
204 294
481 687
862 859
117 496
489 396
457 548
564 68
262 898
479 780
582 268
446 586
515 24
2 699
518 827
216 397
699 964
737 560
864 950
682 519
151 920
128 965
329 221
597 881
462 3
343 961
660 13
775 983
776 804
448 680
518 739
819 639
89 917
704 61
96 306
264 379
442 872
494 973
476 96
775 914
535 296
455 654
661 589
889 331
597 514
111 476
71 179
181 984
220 282
926 372
173 482
181 831
137 75
727 410
85 440
595 527
481 462
639 243
407 67
762 789
201 915
985 428
35 936
668 529
545 855
593 922
59 201
295 542
552 946
649 973
286 593
694 955
72 734
471 655
139 351
526 14
474 486
53 503
195 401
95 81
530 883
505 19
980 170
208 341
920 836
976 505
266 400
242 960
948 155
87 922
729 851
368 349
553 476
737 931
884 458
744 665
666 387
352 23
635 527
129 579
455 705
826 105
567 622
651 756
363 332
730 103
234 838
632 978
496 761
290 398
35 573
734 195
323 605
845 318
637 0
550 591
94 501
496 702
160 927
190 329
41 263
264 46
828 727
487 91
261 123
745 37
537 977
117 679
195 916
671 220
722 152
107 161
258 456
391 809
958 552
270 595
971 637
768 190
46 254
891 752
993 142
833 859
35 250
119 430
34 920
871 424
299 187
607 819
709 417
280 351
45 154
792 707
331 502
623 5
893 138
337 768
254 746
340 397
396 588
577 766
855 555
204 537
554 260
991 233
16 918
405 851
697 642
117 79
81 61
80 504
825 849
804 73
599 631
466 851
74 722
823 260
205 384
634 301
757 496
873 454
929 701
462 54
258 857
351 833
945 883
598 310
688 885
711 653
513 741
490 789
20 54
989 185
741 549
600 331
419 228
489 286
566 239
928 925
903 427
638 855
207 611
93 920
558 56
432 23
833 164
791 398
32 300
355 370
394 328
243 161
695 666
627 745
587 687
278 750
451 744
236 202
299 316
387 147
305 527
135 146
951 325
227 656
311 106
659 262
630 846
680 405
981 75
78 175
38 217
37 118
864 896
176 104
363 700
596 642
832 140
126 121
475 882
630 931
532 243
419 47
751 605
841 738
784 521
349 284
268 233
658 225
574 662
751 695
93 701
867 803
719 154
739 233
115 619
327 513
363 81
725 567
823 908
216 423
532 821
439 864
75 919
665 812
928 343
473 674
113 493
758 371
22 531
277 835
446 409
874 629
370 721
209 471
810 709
902 77
607 554
597 235
891 946
325 234
461 2
575 526
460 452
111 516
247 687
862 900
784 442
597 764
416 965
326 57
762 503
12 948
628 821
227 6
670 177
87 865
46 166
169 474
332 762
733 21
679 902
264 992
496 977
713 38
133 507
894 30
720 118
688 77
458 439
707 298
619 769
205 703
136 657
66 334
789 684
228 510
137 349
516 838
735 4
792 73
297 979
35 805
653 873
506 673
878 144
655 258
145 785
581 521
990 260
106 758
794 730
362 737
239 599
121 623
683 695
318 805
927 6
158 254
397 704
588 79
429 110
803 506
663 589
645 518
89 831
623 481
954 343
472 377
384 256
580 905
268 57
103 81
553 655
506 914
134 160
432 561
895 717
818 914
483 676
581 391
80 900
907 635
830 434
981 401
722 599
39 723
68 205
998 11
275 131
496 16
11 546
727 154
740 885
411 22
17 562
352 385
278 698
529 600
817 64
374 890
728 272
832 899
911 504
179 854
770 502
914 377
469 951
123 21
12 811
733 574
346 471
215 684
976 159
390 552
839 715
462 663
147 223
930 723
898 950
144 696
954 276
355 372
641 577
430 190
461 110
818 4
352 999
226 313
338 114
644 761
949 785
88 471
543 141
263 595
668 542
251 277
170 203
601 792
783 252
961 171
674 733
988 732
608 423
572 531
309 866
359 677
379 965
925 752
629 102
730 804
807 416
524 914
79 416
399 6
646 28
759 548
153 490
77 728
834 599
454 945
153 962
262 979
579 368
494 320
825 238
420 35
22 522
510 28
855 862
889 750
582 710
604 859
279 46
388 629
452 754
172 637
282 124
487 273
63 705
365 809
27 833
534 71
913 208
827 261
643 496
756 973
955 104
965 171
155 103
213 904
357 435
521 133
940 888
332 572
408 935
37 849
642 176
780 127
59 968
99 241
594 78
864 614
959 727
773 75
83 358
636 418
190 143
324 860
67 460
448 16
23 735
791 971
465 472
872 23
2 252
460 409
288 451
981 191
755 399
574 440
729 451
265 178
333 87
190 787
712 796
29 146
392 454
137 47
387 845
405 322
328 525
792 870
957 738
281 107
683 686
878 260
437 802
371 870
354 571
482 496
72 735
238 200
679 962
544 195
688 166
5 107
500 616
8 25
211 813
999 851
859 539
983 601
828 730
604 640
893 866
867 250
281 262
649 817
136 461
110 932
399 232
893 67
540 141
783 456
370 544
769 587
758 363
932 322
674 345
724 990
723 122
462 651
214 317
933 378
136 457
860 738
669 605
453 659
461 87
595 186
616 607
475 376
932 846
805 953
815 636
805 895
175 833
161 660
384 34
804 36
375 377
770 408
219 795
909 468
45 410
157 588
991 106
229 100
63 966
248 818
719 566
48 272
904 313
408 318
703 176
480 737
102 538
711 933
561 768
106 772
922 934
807 435
252 523
874 354
420 133
131 458
320 728
261 38
508 956
826 693
232 985
241 19
394 516
339 280
869 801
13 556
843 504
77 87
13 34
527 644
361 453
846 529
624 418
19 286
300 387
491 783
5 690
42 808
298 570
269 270
734 839
765 366
210 204
810 102
149 389
557 346
579 65
503 666
671 790
215 190
169 39
526 679
79 407
685 82
4 213
321 467
485 611
937 526
151 7
931 695
214 713
845 52
569 599
579 606
528 744
626 138
770 636
706 325
516 490
731 913
178 559
397 557
530 445
985 247
261 903
661 293
186 11
70 305
257 716
202 982
245 378
561 600
780 311
127 996
448 613
677 890
275 718
459 609
43 193
790 260
22 196
606 47
116 572
105 522
830 566
433 465
760 749
922 663
301 84
745 669
425 705
753 138
790 962
643 10
110 716
221 920
122 39
859 453
244 265
376 546
499 935
635 500
662 288
567 441
274 280
642 806
532 165
10 170
749 305
243 420
718 354
343 522
198 618
644 456
561 564
471 978
213 510
443 351
99 218
717 415
978 747
209 36
395 765
991 458
967 509
410 349
4 909
254 727
650 408
247 284
844 279
645 525
881 244
179 451
64 191
847 832
302 59
963 515
743 97
661 489
266 323
18 529
695 532
627 459
661 516
209 855
47 799
926 693
753 339
410 411
914 633
311 899
873 423
354 706
40 921
140 61
980 274
384 245
843 280
42 295
916 441
38 770
286 88
876 970
747 849
367 276
966 451
661 318
218 137
97 312
936 624
138 861
628 601
863 659
889 548
255 685
594 435
924 732
893 752
412 801
172 241
255 478
125 59
386 467
858 244
790 552
907 127
770 616
552 616
913 239
549 358
764 662
617 615
581 352
9 132
979 74
847 748
61 513
222 898
615 215
222 624
129 824
47 18
595 120
999 222
358 603
913 285
54 762
64 626
842 85
229 460
147 520
327 58
507 816
31 61
991 690
986 962
434 872
824 367
190 39
397 900
549 897
365 460
594 88
725 930
788 957
155 1
29 492
935 812
447 211
783 962
231 93
98 980
239 172
636 399
178 653
254 148
998 844
343 653
677 377
711 600
586 231
553 642
804 108
650 498
528 409
520 417
3 845
482 240
198 460
648 976
306 548
864 534
288 674
343 165
728 934
261 733
224 904
367 742
731 114
853 488
968 539
833 549
490 328
903 263
129 237
898 655
330 162
962 172
42 152
214 437
799 112
800 262
672 719
169 792
117 530
774 41
314 941
958 374
71 568
664 549
664 521
835 459
617 521
679 524
4 858
832 25
600 963
68 562
768 661
617 71
95 679
512 547
784 103
844 320
753 145
208 950
616 24
230 201
625 305
664 979
987 830
4 14
33 617
304 933
90 881
253 723
879 721
724 805
614 640
725 20
194 744
512 325
221 77
804 399
668 810
627 879
733 173
909 556
619 92
337 614
328 627
734 534
520 884
538 202
51 636
142 638
581 417
875 691
175 736
279 297
669 776
440 337
144 776
716 51
557 582
30 748
86 324
576 620
567 962
13 128
658 750
689 425
625 659
914 431
713 970
984 684
495 372
502 130
611 158
247 235
840 804
510 8
879 379
326 362
188 715
452 768
532 312
381 88
758 890
531 85
62 741
624 535
327 900
211 612
482 290
389 978
731 78
308 225
437 254
326 592
545 694
182 61
835 53
718 554
573 610
893 396
114 950
631 449
184 142
988 694
68 809
639 485
343 299
744 630
851 894
464 483
393 6
41 300
439 316
828 475
259 741
492 670
713 429
750 640
171 427
537 531
286 676
415 149
695 387
265 56
395 856
357 918
476 817
722 132
65 64
766 644
392 504
215 44
932 330
267 793
392 60
23 819
933 730
193 644
889 196
67 276
598 739
130 125
971 876
432 624
720 667
287 416
991 14
899 252
274 493
633 270
858 396
475 869
912 568
602 647
623 256
892 26
367 170
10 836
442 507
255 792
684 15
227 611
102 423
677 182
556 225
139 106
240 926
769 841
673 64
899 109
168 976
284 812
959 60
633 488
887 551
4 307
789 532
457 875
934 109
263 677
65 480
255 494
474 916
362 708
939 576
205 406
922 133
942 338
155 394
17 69
69 81
285 9
832 699
138 933
28 299
325 184
766 115
608 482
38 173
603 330
256 760
310 261
774 494
338 342
105 200
542 226
861 869
517 398
584 300
671 145
396 914
622 968
591 452
360 99
393 614
592 71
660 458
938 728
516 217
485 569
291 361
189 362
455 451
965 146
755 576
508 579
884 858
498 193
428 999
794 131
745 839
372 436
481 419
3 65
476 132
12 872
974 174
136 914
556 512
83 477
513 307
636 10
747 169
936 384
921 442
684 979
752 139
485 673
635 629
222 780
633 956
381 421
758 827
861 356
159 379
881 519
514 937
848 765
446 613
524 838
998 756
139 178
626 90
864 548
767 939
261 304
609 948
186 887
333 781
499 38
623 899
358 168
179 414
669 141
192 967
876 977
104 668
83 397
272 254
760 839
114 985
806 769
347 130
685 914
248 714
311 306
270 871
634 60
314 124
613 991
521 662
426 49
24 116
368 414
94 300
239 281
927 418
443 663
103 678
234 611
837 335
734 935
871 835
740 563
475 856
858 687
196 309
899 116
492 731
500 648
132 350
779 690
951 467
94 560
317 749
554 467
806 825
135 345
977 171
289 765
959 713
326 278
373 525
638 575
400 554
21 272
517 903
916 65
211 441
392 118
761 898
928 193
334 817
887 362
593 613
685 415
236 173
373 75
563 175
863 960
452 732
371 865
577 314
412 723
870 957
65 707
485 268
962 85
728 344
201 669
235 975
413 51
179 350
424 997
78 886
755 775
786 617
689 472
731 571
151 453
419 629
243 913
731 613
576 865
614 184
819 123
734 382
898 327
175 156
325 261
996 795
589 418
224 400
858 525
234 886
272 726
767 480
603 588
37 861
962 600
415 126
474 962
139 742
733 731
615 329
125 849
50 6
692 326
862 185
824 24
375 326
332 330
287 698
838 705
833 915
567 254
173 522
784 703
153 457
779 800
290 313
841 413
601 405
556 182
466 487
388 851
421 772
886 552
237 123
381 21
634 709
929 393
375 853
204 771
72 533
977 387
969 769
416 744
669 53
2 634
28 112
617 77
637 342
915 591
450 507
407 479
984 219
283 834
615 191
418 572
755 119
448 843
642 342
344 184
885 762
671 139
876 669
838 590
850 125
625 325
682 510
234 634
793 478
855 714
706 510
866 306
914 62
309 487
807 933
831 532
655 990
674 464
505 487
961 504
529 635
588 397
687 255
745 763
348 314
706 344
756 939
469 216
529 750
801 232
228 342
141 888
43 866
901 791
178 273
563 930
794 890
478 107
444 885
82 207
440 606
187 623
53 174
966 662
759 296
89 548
443 724
861 720
830 30
523 22
981 240
529 492
873 680
423 290
945 406
572 168
387 225
297 138
14 842
267 478
23 238
133 550
870 393
109 193
896 4
442 802
446 969
211 491
422 354
782 72
684 733
846 541
878 996
556 867
900 717
322 520
559 773
571 447
355 833
434 376
850 540
53 222
209 905
299 785
603 540
524 575
794 972
459 990
821 57
904 18
480 621
798 362
402 988
220 281
879 805
46 293
162 897
428 807
624 354
913 687
218 656
120 846
178 519
528 502
115 244
92 296
627 863
49 758
592 259
45 464
289 258
696 619
583 843
78 618
516 186
93 810
452 965
192 759
609 30
136 150
733 523
48 977
590 352
815 227
759 602
358 879
566 275
687 250
225 186
341 883
151 188
979 129
865 713
939 735
182 62
5 143
452 67
213 341
351 453
769 425
203 617
486 760
997 819
841 95
523 261
521 734
151 4
949 306
638 975
467 151
803 345
400 763
752 730
329 392
347 535
358 97
969 563
500 236
740 338
505 733
688 396
262 684
41 884
323 611
251 324
226 547
570 562
39 881
263 135
657 285
673 309
569 699
441 146
903 540
267 467
900 904
620 705
236 209
234 671
616 334
104 722
675 498
200 552
506 728
734 436
143 790
211 964
908 406
152 178
781 607
925 394
556 976
356 413
121 443
880 58
732 290
870 492
745 104
390 197
624 196
986 217
338 603
840 820
718 660
733 663
845 451
909 904
401 793
152 624
143 662
219 859
305 863
919 637
901 79
879 397
786 173
420 492
739 718
358 284
542 891
707 924
933 977
810 421
865 120
191 86
601 174
613 898
976 513
415 160
631 996
698 604
559 808
267 479
379 184
769 964
445 369
884 205
809 431
847 174
113 221
806 695
156 53
904 985
410 320
966 339
200 356
786 491
266 557
789 654
315 789
432 747
364 945
402 619
92 833
871 695
427 56
484 62
100 931
111 85
652 202
663 830
244 863
128 285
920 707
428 143
329 953
524 977
601 962
546 158
595 585
741 901
494 571
458 852
693 158
624 423
615 756
68 984
888 758
404 872
162 745
729 903
512 115
976 667
581 87
54 831
531 468
6 82
282 445
385 669
821 725
899 834
928 136
844 735
680 321
419 670
295 908
982 315
403 755
217 11
193 356
686 73
661 217
889 89
566 903
675 788
55 552
342 236
609 183
620 890
425 636
208 435
549 459
158 987
577 353
689 788
427 524
39 913
583 330
414 204
799 299
380 548
89 838
327 417
888 808
116 544
563 493
233 942
874 726
133 680
59 999
395 996
605 536
372 496
785 16
997 84
410 982
397 642
547 995
207 132
424 738
345 124
404 637
557 316
182 801
768 340
46 50
928 204
191 361
869 382
511 773
817 433
870 688
940 610
765 639
115 469
896 543
109 299
741 993
921 964
749 748
452 329
214 68
715 118
507 278
676 787
535 716
622 338
279 716
612 175
105 509
753 284
49 844
892 261
297 242
324 958
238 567
26 267
948 195
297 688
134 117
871 394
447 469
94 394
161 279
601 885
501 590
677 724
635 933
661 76
150 49
877 326
20 532
695 963
127 430
608 568
947 893
163 876
653 691
553 565
292 264
49 786
420 655
577 340
743 891
836 682
269 691
739 350
209 965
766 144
71 713
782 393
656 953
766 862
562 30
164 105
611 66
10 189
214 976
65 849
989 570
421 927
19 936
110 668
415 515
963 748
304 316
955 625
436 774
334 401
767 98
218 9
606 87
123 545
243 135
314 296
270 741
670 141
577 280
840 227
675 87
958 787
162 996
981 64
559 460
529 293
241 850
187 960
663 120
113 207
930 476
129 16
112 22
345 384
275 91
620 658
508 728
377 433
982 810
968 657
269 81
412 162
810 264
717 559
518 148
647 36
136 124
674 267
213 454
770 613
96 120
201 217
320 467
565 934
732 384
918 755
867 261
100 284
316 56
516 360
434 491
395 338
96 473
953 420
846 638
652 694
720 456
833 387
812 519
37 171
986 420
147 905
529 905
722 318
105 224
133 626
775 431
423 654
558 50
875 724
696 211
204 976
438 497
388 554
956 635
476 394
379 590
168 630
392 765
202 653
346 37
826 806
659 384
729 455
147 323
606 633
26 953
492 775
166 626
536 106
795 617
390 824
675 276
879 389
11 98
554 84
128 980
539 702
746 412
19 122
287 810
991 344
73 190
781 289
438 444
457 421
625 703
786 79
530 384
934 203
930 550
6 530
59 928
531 975
821 819
779 548
656 52
472 435
534 457
212 746
969 594
585 868
196 817
130 142
250 912
991 122
383 876
18 228
859 401
563 595
818 896
209 145
194 818
248 883
674 224
192 15
674 447
478 437
527 610
775 224
972 435
163 22
682 160
82 547
438 912
960 124
195 715
18 802
756 553
922 310
382 606
934 16
62 845
335 237
997 964
644 517
20 413
12 394
818 973
390 954
534 397
28 447
184 549
938 951
224 770
945 188
277 853
274 890
849 977
148 53
160 950
185 529
331 956
817 875
555 158
140 350
281 54
316 410
776 649
561 384
571 842
753 223
18 718
667 486
48 313
869 990
533 955
116 503
275 7
351 409
387 170
394 808
8 616
395 55
517 438
104 348
870 77
622 672
590 445
171 355
951 636
88 193
361 827
377 568
88 833
901 128
857 491
182 640
471 118
921 906
164 571
976 899
666 55
43 58
356 254
886 701
739 622
585 381
470 796
953 455
606 954
314 519
686 35
391 829
388 58
434 749
499 224
390 932
510 864
703 190
744 660
137 346
159 936
563 347
866 814
432 702
670 264
228 355
419 246
593 479
886 457
491 443
961 141
601 694
996 568
800 941
305 412
120 580
790 11
105 752
139 267
769 213
55 659
132 915
162 713
923 379
838 254
17 698
314 764
421 370
259 427
292 254
356 620
580 392
878 106
769 303
915 335
100 888
492 102
634 29
69 330
477 288
959 148
801 553
607 73
122 481
879 415
789 443
531 343
211 558
920 827
302 51
305 704
631 605
179 349
783 771
111 211
337 35
550 803
893 47
666 176
200 428
210 558
52 432
664 312
379 570
682 132
835 286
851 890
183 364
762 328
41 392
192 522
376 960
130 361
124 245
871 907
600 29
971 788
971 330
792 150
219 617
447 596
62 795
494 129
162 931
237 837
783 757
241 189
982 135
891 545
908 11
296 89
547 472
965 806
806 241
347 897
457 103
593 174
512 768
581 355
113 116
830 97
268 875
866 270
467 140
171 485
355 516
108 58
666 144
962 421
546 838
102 516
719 786
471 768
238 708
77 167
107 303
88 584
843 232
918 199
182 329
616 112
282 64
120 482
777 367
201 527
503 335
822 349
963 235
488 665
390 135
322 193
81 816
337 193
299 490
534 3
420 52
862 425
885 850
419 243
523 515
787 615
193 65
963 3
77 630
657 364
627 710
310 289
860 791
750 170
784 583
716 83
780 489
206 719
737 360
219 712
312 58
248 163
570 649
193 843
501 601
662 896
250 49
912 941
32 540
682 993
73 234
496 469
892 304
746 26
991 465
14 987
738 41
27 889
894 633
97 472
861 119
537 90
689 414
530 378
206 517
449 419
224 245
135 797
528 932
573 330
313 611
657 705
78 254
964 26
798 131
855 916
589 946
151 720
153 63
719 15
187 336
941 197
599 583
981 255
563 831
405 567
686 526
269 111
185 546
652 650
677 904
740 58
405 784
643 318
519 826
13 760
592 880
255 297
759 539
509 503
320 958
545 438
74 928
457 501
476 442
16 752
355 690
546 984
924 444
883 232
866 392
586 287
369 865
781 45
178 250
3 192
666 295
229 659
277 603
557 632
913 920
550 869
637 504
696 189
625 39
533 958
877 285
333 598
852 659
649 438
96 294
844 97
830 679
797 842
469 212
656 154
559 339
2 598
365 527
503 20
510 482
770 10
832 799
501 391
795 928
986 25
922 9
552 673
864 639
169 207
987 455
198 928
810 547
854 280
21 221
812 467
75 836
913 958
776 508
265 530
341 425
417 915
498 306
493 185
166 82
479 352
301 256
0 598
857 655
29 659
886 781
254 786
190 5
135 865
336 754
493 537
298 558
594 362
70 133
210 400
263 237
819 881
354 551
956 917
321 403
597 836
673 657
559 523
938 539
231 772
228 974
720 518
719 447
106 935
96 476
464 168
180 629
12 774
990 84
68 824
989 413
202 760
259 568
524 455
32 79
897 691
189 531
935 656
600 878
912 667
851 578
101 29
591 702
921 408
366 693
105 713
996 200
386 960
959 704
636 565
211 407
643 139
735 324
672 806
627 803
615 451
945 601
801 496
999 898
343 932
674 9
140 797
718 880
399 512
327 443
690 719
409 219
855 488
192 594
32 928
874 504
169 636
664 517
348 173
63 167
355 601
654 773
731 749
609 86
298 275
428 443
263 40
51 469
113 237
32 31
742 22
929 279
649 908
653 632
252 564
543 587
12 124
495 757
310 195
662 474
118 912
240 217
25 777
404 194
823 400
733 828
25 231
697 673
684 754
167 817
450 646
732 327
435 283
132 627
78 993
988 718
606 187
20 519
341 198
432 814
777 556
758 73
904 115
408 827
676 36
193 864
347 326
947 188
696 216
778 396
422 140
625 573
177 874
653 807
176 463
135 908
258 58
414 639
932 113
290 672
775 576
911 369
503 531
127 206
863 295
205 726
154 401
291 383
722 946
196 881
602 767
757 124
513 349
514 326
959 43
43 313
19 762
402 963
618 74
47 856
420 747
93 948
207 987
259 718
90 625
580 87
197 681
608 255
305 675
3 349
872 423
45 486
98 755
580 749
653 528
324 93
329 572
624 443
377 215
405 97
880 840
391 825
811 791
598 985
716 207
385 680
791 749
621 325
66 128
772 550
335 132
426 797
334 739
196 577
482 172
515 383
769 512
645 41
992 284
303 448
275 341
723 340
489 517
659 765
481 223
38 345
825 25
412 763
271 371
229 917
560 23
729 442
550 683
760 22
865 928
345 234
817 761
197 227
665 521
326 391
843 623
620 760
781 626
104 367
67 458
29 2
962 133
299 355
371 483
358 756
296 148
127 579
112 617
433 162
480 251
916 628
406 746
975 626
988 196
480 876
825 407
110 990
505 268
873 733
903 669
613 601
460 89
563 612
798 995
458 784
781 282
923 494
860 854
877 629
809 802
850 317
700 347
848 921
928 527
44 358
150 594
821 303
181 663
719 676
54 859
880 356
916 608
259 393
901 546
858 829
559 941
723 265
899 809
364 293
890 909
76 811
323 480
91 311
378 586
468 927
483 3
658 279
714 613
67 779
512 122
691 485
32 924
948 353
982 538
829 755
701 342
549 428
563 688
833 380
84 793
558 923
789 68
786 788
813 330
437 217
964 629
914 372
195 782
340 255
568 98
584 753
452 593
904 886
211 794
237 43
820 360
37 289
559 123
95 796
211 492
154 363
500 373
15 442
679 621
162 950
646 785
73 270
109 934
638 396
251 581
134 11
728 205
758 52
678 187
756 189
97 909
980 855
601 940
56 572
868 632
872 733
172 313
746 237
83 547
798 937
703 766
2 360
153 206
812 370
249 507
250 928
587 952
83 173
325 365
558 563
587 934
936 30
982 689
819 205
105 288
139 101
486 514
544 790
376 315
425 790
221 706
841 973
111 162
60 490
879 141
555 809
352 922
326 863
81 457
395 586
849 78
881 657
807 619
421 140
720 34
158 414
520 934
872 132
930 912
629 277
268 563
806 912
220 410
640 638
478 738
71 343
736 350
837 3
841 207
569 650
10 217
188 74
478 116
171 420
945 71
255 941
755 662
858 849
73 265
490 611
914 918
777 210
904 238
368 362
139 609
76 550
604 447
430 886
285 292
356 88
547 215
732 559
440 516
693 477
545 737
73 103
581 815
808 595
845 801
713 847
489 931
271 672
55 291
515 682
748 674
130 166
615 775
657 189
107 281
604 392
262 931
702 198
673 726
432 755
442 950
840 150
929 381
26 921
808 177
889 746
750 230
404 293
520 473
962 748
454 559
977 741
413 645
808 392
78 528
761 658
976 587
612 837
310 265
686 101
304 301
373 433
305 964
428 34
391 281
661 530
629 97
141 308
588 974
97 795
695 822
362 482
451 528
539 594
487 927
716 443
520 918
502 182
390 712
534 715
445 898
811 183
799 910
975 474
679 469
95 176
558 966
486 619
890 546
636 74
41 518
804 645
579 805
705 712
313 106
402 827
469 583
190 795
727 998
154 281
221 4
658 835
405 937
226 437
732 293
611 447
493 547
529 156
688 183
970 165
334 810
413 452
619 540
602 866
452 876
233 918
271 533
78 26
670 605
968 679
138 161
647 637
947 664
955 200
74 462
175 548
108 706
214 48
620 893
110 301
236 622
664 681
304 133
286 107
906 15
774 599
695 716
930 736
817 936
665 495
145 96
26 719
184 196
699 255
412 587
422 813
40 91
131 255
682 226
754 569
978 340
251 31
938 275
314 274
776 61
784 914
163 743
886 301
220 809
881 673
382 81
667 39
337 475
529 48
917 483
445 886
914 74
935 166
345 86
646 427
833 197
398 808
362 68
318 281
496 905
557 59
980 33
348 904
544 702
95 60
76 200
247 868
988 410
597 919
503 467
409 981
806 727
601 691
949 124
491 538
235 770
772 727
555 211
704 405
308 353
512 908
950 54
458 823
8 578
353 450
162 531
979 711
442 396
980 336
639 606
575 180
69 170
86 484
881 298
684 638
685 710
259 714
533 775
79 53
582 30
245 596
138 985
823 77
596 250
463 963
465 26
113 523
960 203
556 218
137 764
770 140
866 18
44 235
662 672
360 375
179 548
958 793
649 895
862 895
306 656
290 218
529 40
688 25
79 487
715 978
173 236
384 424
988 0
565 211
313 26
324 345
58 761
523 983
552 543
595 868
816 206
862 448
38 512
589 705
877 488
672 551
749 580
727 844
859 914
456 430
76 399
985 561
580 767
835 361
896 459
277 780
760 350
905 813
546 609
238 207
412 93
157 368
362 899
112 211
328 523
765 1
801 259
508 219
4 462
172 556
897 507
881 921
956 933
892 613
216 263
215 972
718 82
771 72
550 198
578 764
591 518
11 939
87 813
394 554
531 439
369 860
689 4
665 759
524 174
556 609
6 185
378 843
483 596
340 201
19 980
500 576
101 141
492 114
484 647
802 999
168 320
145 586
72 79
119 320
642 650
779 904
57 618
738 482
638 666
350 420
252 655
114 609
613 830
241 279
235 686
212 945
122 791
452 764
462 533
168 333
301 897
865 778
361 183
970 717
390 672
116 669
221 40
899 949
218 641
424 202
472 361
246 655
703 887
709 941
948 28
48 787
690 866
808 202
752 591
782 475
412 646
952 169
479 148
942 342
557 960
13 271
38 388
894 765
425 441
628 98
203 150
848 9
363 21
827 128
31 971
935 823
635 22
111 206
734 786
810 522
784 145
187 820
584 556
716 260
482 615
569 153
203 895
725 425
705 861
207 701
350 544
497 209
796 750
707 132
283 367
84 109
166 986
294 485
443 431
655 991
431 765
634 194
794 932
53 670
428 102
234 439
893 976
618 305
465 621
508 547
27 949
743 230
33 759
382 881
565 405
579 434
922 851
360 914
43 732
693 68
785 269
389 130
633 496
818 492
990 750
129 366
858 112
870 164
107 638
802 825
263 276
128 192
825 876
539 59
735 813
929 85
348 658
441 791
216 969
793 472
900 594
348 973
277 610
691 358
921 536
809 260
706 110
385 8
306 49
579 104
747 85
570 69
432 789
460 523
911 536
827 817
48 334
944 202
843 846
701 139
494 933
691 889
790 75
636 721
141 412
276 368
643 882
353 305
878 46
909 921
435 920
745 869
179 177
706 401
509 482
301 374
68 822
559 565
573 393
248 702
799 775
806 973
452 454
856 121
358 656
713 881
815 673
763 560
451 810
421 786
294 397
692 56
368 327
210 199
424 121
398 515
323 952
925 863
427 149
747 479
679 134
917 223
157 174
221 556
188 201
973 146
406 179
946 123
287 64
936 279
432 81
36 233
207 200
178 29
987 534
296 456
370 898
118 929
922 40
932 595
798 401
190 877
143 902
612 804
824 889
622 713
108 61
512 18
121 987
812 933
84 658
92 784
372 6
713 54
153 464
815 405
12 369
260 115
933 441
803 291
805 231
939 409
310 714
452 904
422 434
663 876
36 150
902 890
422 399
802 317
930 534
255 218
342 785
120 438
936 961
540 323
262 959
630 964
611 668
527 671
81 543
817 477
685 792
3 89
407 740
288 235
155 422
464 224
730 761
650 583
821 504
259 65
631 25
659 792
894 584
106 270
916 806
692 295
187 608
747 621
814 864
574 45
555 238
948 446
390 530
520 404
645 242
662 599
15 751
890 808
835 775
68 992
147 590
938 778
53 918
77 363
196 546
511 679
744 893
208 83
27 894
89 774
473 221
502 280
732 525
803 81
200 18
70 485
274 702
505 641
804 979
288 213
739 47
266 918
280 995
37 715
340 505
962 322
262 260
898 518
30 604
862 587
740 493
900 629
485 695
446 242
993 757
342 984
331 971
259 33
44 383
393 144
132 634
214 66
972 981
589 62
739 653
750 614
975 457
183 534
516 480
533 544
735 889
46 507
225 845
234 277
43 362
563 587
583 398
509 221
133 668
470 220
805 612
274 243
814 833
884 817
132 613
890 941
101 438
685 340
506 811
99 725
244 503
40 628
603 543
630 530
529 427
789 927
784 861
821 247
741 12
662 580
968 994
89 141
756 433
245 815
374 845
963 323
496 514
771 58
931 625
308 297
796 546
456 433
387 431
929 597
771 580
871 599
826 929
353 808
893 831
298 868
738 657
720 58
338 189
682 538
223 259
261 56
8 150
176 524
22 267
4 976
2 450
131 142
895 329
465 387
349 198
189 396
673 811
766 349
353 283
18 271
277 202
913 223
701 474
334 425
752 958
853 454
536 648
72 314
966 422
39 168
554 330
805 715
52 332
933 780
223 999
274 999
423 697
572 944
983 259
330 802
630 720
644 137
858 98
436 360
420 264
223 825
658 227
267 854
928 747
478 174
644 319
620 586
176 879
162 277
110 533
631 795
398 786
478 19
789 689
453 904
157 937
780 207
920 477
769 557
849 389
101 17
9 936
510 816
159 810
284 478
659 191
541 947
593 138
307 402
190 981
418 837
179 828
719 492
303 962
578 490
706 575
593 830
319 107
381 939
637 112
280 704
989 520
324 120
984 506
866 200
699 785
94 467
659 312
389 754
967 745
938 216
114 11
338 825
722 859
266 835
737 62
915 748
704 685
196 574
679 292
647 390
410 973
59 0
497 685
836 934
123 837
338 803
881 917
347 296
901 859
597 88
137 136
171 144
98 650
876 91
349 145
28 723
436 672
837 828
57 734
449 374
823 254
799 81
694 226
769 981
128 261
255 184
304 840
899 163
260 282
510 281
368 21
564 860
826 281
226 210
583 241
96 156
132 954
311 169
370 654
40 977
629 457
693 473
487 459
44 745
244 933
415 902
730 717
942 442
881 133
772 885
782 300
136 718
999 107
798 217
983 452
256 552
339 604
43 719
608 501
45 326
441 290
335 693
728 765
516 825
764 721
183 22
919 485
813 904
874 575
720 69
367 338
522 332
542 861
616 350
281 178
609 768
581 972
687 212
836 822
344 170
402 817
78 76
441 436
67 484
236 662
191 461
989 865
198 734
745 752
274 565
226 709
756 497
435 642
507 63
727 637
248 862
558 833
908 911
102 77
340 894
589 249
150 247
694 225
818 956
423 209
366 249
215 277
773 694
867 502
475 701
960 197
926 527
732 442
567 313
487 49
186 361
471 731
449 79
682 804
156 1
408 529
187 244
55 999
478 210
23 354
289 665
934 325
22 828
220 635
146 298
540 265
690 128
278 24
20 488
866 368
462 933
86 812
582 683
774 306
930 637
2 215
356 847
356 502
28 929
164 264
663 441
420 130
783 215
393 450
943 768
573 919
517 385
912 539
743 141
92 669
829 235
107 617
807 372
408 75
227 388
486 650
728 610
800 679
830 389
780 692
881 579
325 946
173 680
197 80
404 713
190 193
792 204
548 331
984 847
830 554
484 185
739 275
467 963
855 660
313 975
995 216
681 112
63 3
344 436
265 703
146 395
487 906
356 741
475 757
336 465
884 533
414 164
739 161
18 206
18 5
45 372
59 381
941 401
424 473
364 17
703 286
812 697
458 585
635 191
617 528
21 619
393 324
162 869
732 822
545 393
987 96
244 747
125 152
806 597
283 227
681 494
613 495
49 82
461 318
264 649
648 364
641 148
763 122
868 511
605 366
673 118
60 698
22 576
880 242
593 994
71 368
629 883
168 293
578 945
240 166
882 53
807 725
619 229
739 687
736 445
728 961
460 14
151 41
654 276
777 117
560 849
602 217
390 534
684 972
410 717
316 480
367 328
123 621
769 398
320 748
900 429
319 887
384 713
732 458
315 645
518 904
507 4
27 316
667 268
159 775
350 328
304 695
176 886
122 766
211 814
651 219
60 787
535 90
373 653
712 966
143 970
963 385
547 755
559 31
84 525
255 788
775 192
122 845
302 164
107 145
36 693
951 657
267 731
889 137
274 28
802 359
938 106
184 205
207 190
161 790
599 234
468 26
660 325
115 591
956 643
759 596
344 180
263 916
116 682
79 841
106 723
491 320
755 698
135 699
104 266
762 863
312 476
954 9
847 3
952 173
663 624
527 703
813 167
533 557
108 492
692 634
865 282
723 329
776 270
555 425
24 510
117 665
365 882
239 452
790 253
204 956
138 495
247 669
10 206
968 175
119 553
744 789
583 681
413 378
120 39
565 569
879 712
244 982
699 398
826 598
174 487
463 115
742 746
9 298
586 647
211 344
129 550
449 636
969 119
644 222
705 993
74 953
714 265
844 399
343 298
861 505
219 906
464 516
185 267
880 109
918 136
291 509
42 676
511 659
245 743
365 120
828 592
991 906
260 897
340 77
633 838
20 475
798 324
84 24
308 617
132 75
711 491
409 542
826 600
429 902
245 18
755 647
211 540
737 628
384 771
662 622
403 764
587 750
963 528
821 2
648 859
950 817
610 759
225 926
780 476
777 608
434 103
714 409
167 365
816 760
666 947
423 890
920 412
230 202
467 791
469 454
846 557
322 191
844 758
306 786
283 45
278 134
275 971
218 192
730 789
428 568
739 918
82 108
440 115
226 393
449 71
181 763
162 736
185 486
210 731
819 960
503 724
856 928
3 555
87 608
536 452
994 355
442 955
122 26
355 936
210 976
856 219
398 599
998 274
904 715
607 104
743 186
662 428
520 425
587 994
121 531
246 335
26 282
530 710
967 169
643 136
32 732
133 790
557 954
722 906
743 296
179 921
868 526
220 519
325 175
560 598
842 669
869 359
206 87
471 459
177 320
826 836
272 943
563 506
469 926
380 895
934 536
665 650
772 837
372 708
810 290
712 130
510 645
404 963
940 955
902 875
456 445
635 996
738 2
45 425
56 926
723 125
849 715
404 401
783 477
549 709
844 857
33 223
175 219
331 350
512 999
948 60
702 429
872 239
921 83
715 968
387 552
577 200
867 222
954 664
747 375
416 705
900 924
997 544
975 601
376 696
815 270
394 829
749 968
543 162
382 636
22 890
168 470
760 791
560 917
956 331
43 83
435 633
409 983
736 738
919 860
557 981
175 146
45 169
401 27
426 438
460 865
764 806
943 902
288 378
796 601
856 4
249 596
357 229
753 190
744 215
115 59
745 907
347 136
205 958
31 726
452 286
552 287
445 383
641 296
506 104
368 466
528 101
270 912
605 90
430 333
133 858
114 865
762 124
50 951
310 986
810 700
798 73
199 252
10 529
101 609
939 783
875 13
588 527
89 338
308 122
132 799
243 181
944 686
423 657
475 182
224 649
329 694
335 637
617 278
307 945
78 825
703 513
614 735
274 1
852 104
556 638
419 182
391 917
406 266
825 465
700 583
587 822
468 33
31 46
859 61
202 367
745 620
45 232
779 693
542 778
202 397
756 318
321 269
575 215
50 696
172 509
156 473
222 497
664 846
649 44
41 927
435 372
403 227
956 565
193 863
991 669
485 155
612 447
659 685
239 926
275 124
336 358
181 468
119 277
353 785
375 489
928 649
977 415
670 776
251 433
828 601
10 410
645 562
799 387
323 154
797 886
625 424
799 801
70 99
349 393
138 400
496 688
483 921
144 748
935 745
938 373
476 907
600 988
548 253
767 289
367 451
873 579
804 540
345 373
410 517
113 82
63 60
234 267
904 32
527 291
113 716
371 598
236 612
856 726
345 574
999 488
856 704
478 546
917 344
986 596
776 811
527 146
703 568
870 284
611 470
812 214
681 897
587 903
940 606
244 916
588 850
788 894
928 669
107 244
551 812
532 476
296 2
397 541
358 881
515 837
734 119
691 655
657 186
674 595
383 277
918 810
433 675
396 507
251 452
962 371
624 441
620 910
84 707
540 171
64 140
25 548
527 854
41 968
221 612
498 563
534 57
580 678
856 805
81 781
424 469
778 80
319 285
346 240
5 781
91 855
237 37
926 829
62 22
199 470
580 179
102 922
376 969
323 544
870 626
979 204
469 765
566 496
284 595
740 221
729 696
472 549
764 244
107 217
386 232
806 637
224 270
46 374
721 541
46 798
498 809
315 345
510 449
875 581
999 439
457 248
770 124
482 498
652 788
685 953
145 310
583 998
973 658
149 516
100 860
190 171
721 852
726 983
579 895
665 47
413 880
171 403
957 556
578 12
26 65
293 568
454 165
587 627
356 372
548 836
427 501
399 299
12 412
449 782
311 107
887 907
583 395
538 542
95 807
63 324
116 955
791 940
397 937
542 692
10 269
925 194
123 118
210 81
836 21
283 958
463 492
543 460
693 966
817 127
20 677
140 396
650 642
296 880
957 707
13 378
135 801
993 694
667 397
327 665
531 300
320 922
331 163
654 95
398 526
390 361
984 141
310 700
996 70
532 626
804 935
586 646
153 520
368 26
598 885
854 71
819 882
691 483
38 3
193 183
309 720
869 908
134 964
162 252
439 125
321 637
277 229
63 487
385 592
807 904
418 483
809 504
690 707
399 193
617 231
392 760
95 247
377 388
778 21
911 819
500 566
104 625
149 896
377 361
434 950
213 414
370 938
128 296
774 276
146 785
536 310
210 879
808 398
13 686
455 26
649 32
189 754
319 338
904 275
747 953
122 273
193 327
66 821
49 259
332 496
584 831
808 474
941 35
291 47
306 101
313 219
966 256
351 931
589 236
845 639
54 180
386 727
263 306
114 448
987 467
638 169
277 325
954 751
751 886
293 421
683 27
683 461
117 875
902 788
184 19
754 956
507 294
702 443
215 172
325 880
310 398
477 30
420 270
687 375
784 71
619 274
501 643
92 123
427 736
452 432
320 585
364 917
521 709
262 266
305 929
277 506
664 536
935 737
220 926
688 964
80 958
822 990
895 497
577 719
431 312
241 680
568 673
350 774
884 640
295 716
859 809
984 189
155 465
926 70
398 485
142 14
290 161
115 63
515 224
688 261
871 363
597 267
372 500
62 676
891 360
594 939
417 110
290 185
834 66
323 50
709 702
578 218
582 161
628 496
784 360
445 681
117 317
550 493
79 602
260 53
568 355
125 802
591 721
829 108
536 596
580 659
905 43
348 122
209 833
36 624
292 206
930 510
949 452
894 642
948 9
552 18
108 547
877 284
999 674
70 847
248 492
493 935
123 827
27 36
739 432
519 952
863 992
801 447
702 336
113 546
798 998
833 789
496 899
544 978
940 150
839 900
351 559
273 2
119 396
680 256
34 237
518 649
0 924
523 52
726 940
56 153
303 155
174 252
534 933
836 854
890 899
615 888
639 814
72 965
898 787
773 165
262 438
187 279
241 831
83 829
984 153
56 579
25 650
943 940
0 202
648 684
92 493
770 852
365 566
719 803
907 403
825 209
580 436
971 874
346 859
68 889
153 100
606 340
999 906
814 349
255 417
514 339
374 253
99 53
164 382
535 653
768 93
119 265
641 540
41 830
496 187
748 724
642 453
50 714
368 824
164 266
349 288
361 924
372 910
929 904
721 149
700 464
457 583
759 437
289 945
938 284
177 715
545 333
564 168
79 413
672 333
438 829
259 658
710 951
843 763
133 323
976 801
554 196
224 101
970 911
211 453
238 235
471 926
656 282
767 917
270 101
349 459
536 827
147 999
173 438
55 639
319 229
123 817
105 475
301 474
475 524
742 155
722 735
207 543
740 961
473 18
815 616
178 176
838 719
126 338
470 494
257 307
482 858
412 925
414 379
155 187
955 627
307 487
321 888
775 254
234 129
422 690
218 387
897 790
152 984
144 185
73 382
125 595
315 233
492 841
37 99
139 34
532 627
329 543
760 36
269 145
916 893
84 752
518 234
169 223
716 791
956 928
378 480
784 433
353 315
379 542
98 950
539 940
258 497
326 694
552 893
606 234
529 267
899 840
34 524
170 849
670 786
60 672
442 63
603 188
20 177
51 176
760 379
412 706
18 868
636 427
373 179
402 107
951 967
682 811
215 384
562 693
896 687
436 175
812 845
95 585
413 800
650 429
969 894
990 295
485 749
809 962
904 927
970 336
478 813
166 786
750 462
996 640
453 27
526 927
754 118
486 922
763 225
438 89
133 34
27 131
487 85
902 0
321 309
838 182
285 339
429 746
609 939
623 604
650 796
964 850
269 900
615 46
924 940
558 967
758 275
442 988
624 748
48 592
277 356
185 583
633 751
871 989
145 861
682 742
548 614
864 444
671 948
56 957
256 181
50 420
952 777
237 327
839 418
10 759
978 144
365 308
544 838
357 317
704 520
747 857
292 688
547 751
447 894
892 580
277 683
737 548
396 406
913 626
4 586
146 774
238 354
141 184
334 421
61 983
205 270
952 749
746 548
711 219
210 516
107 934
187 331
980 990
230 457
963 688
814 281
197 832
932 888
691 958
938 827
192 282
324 406
192 355
801 169
461 688
642 161
376 947
161 107
876 5
89 343
433 427
490 468
185 506
718 763
943 534
882 748
13 328
913 995
72 424
952 456
854 365
44 205
123 719
430 643
172 899
925 361
611 138
619 71
862 565
138 65
195 221
873 763
672 477
39 197
847 495
859 986
388 413
309 18
294 542
452 766
66 833
601 149
467 461
880 462
5 730
99 169
240 587
599 858
172 858
244 386
844 116
821 147
290 462
169 413
374 987
908 77
686 618
955 68
512 641
548 807
717 253
678 162
747 403
758 38
751 622
988 457
100 85
71 414
672 503
284 328
104 224
143 826
476 618
923 967
289 558
504 355
779 598
78 610
465 550
100 978
618 731
919 447
589 940
226 935
308 46
992 405
873 264
484 915
773 419
660 937
357 382
18 746
394 144
999 696
424 618
896 949
98 300
722 643
137 427
8 654
649 356
694 788
478 226
810 906
141 104
390 821
616 535
161 182
170 841
224 556
292 432
744 308
219 381
850 400
69 557
546 497
963 159
848 596
839 686
146 529
835 712
246 56
267 139
982 279
6 429
645 889
386 476
573 82
859 889
63 784
909 236
93 705
301 141
778 752
423 276
462 400
971 245
923 606
641 313
136 901
592 554
483 191
892 206
10 155
274 667
423 855
672 237
275 164
124 454
353 747
364 664
500 200
613 359
237 764
193 671
351 292
755 780
746 756
399 738
799 936
69 637
639 743
358 104
675 531
891 103
654 646
966 35
284 338
763 896
995 47
506 16
170 521
6 706
994 899
483 495
521 226
298 964
357 820
193 659
703 945
569 116
769 682
180 947
702 616
632 729
846 335
58 521
102 337
815 839
191 723
979 944
501 794
867 86
369 339
528 492
660 769
769 279
767 775
481 832
475 689
712 430
890 873
788 794
389 382
467 826
696 235
306 537
322 586
235 319
970 681
675 399
370 632
343 913
844 854
742 489
128 681
447 613
394 114
798 579
252 906
865 611
428 227
713 891
956 254
650 537
277 593
25 43
36 485
768 876
804 926
722 594
65 791
77 130
672 833
968 998
941 6
832 41
320 479
310 548
145 282
352 275
55 785
432 448
185 64
330 798
811 922
135 829
680 710
492 182
613 702
151 280
18 242
915 837
798 530
341 358
287 822
501 565
26 386
488 756
980 481
682 432
784 896
405 259
956 863
439 509
616 337
995 483
400 665
132 403
741 978
109 661
19 797
839 951
342 942
115 600
546 265
146 68
778 504
245 101
789 497
676 795
995 209
725 641
115 606
618 670
767 586
545 869
910 220
732 294
218 943
234 448
53 559
916 670
459 268
806 644
388 564
530 940
190 662
408 116
489 676
646 273
653 152
745 945
382 548
93 771
280 264
24 502
73 246
956 800
366 893
755 540
52 465
709 388
646 673
46 908
76 806
291 206
348 273
115 372
552 119
956 221
937 303
546 337
344 210
760 869
40 500
853 493
815 441
298 405
697 513
697 718
4 56
796 356
994 735
813 501
112 394
372 828
368 873
312 812
32 210
114 759
443 569
200 368
696 361
274 450
927 847
670 443
644 728
571 346
111 559
175 856
806 26
497 468
684 569
220 498
559 301
82 311
507 488
713 627
641 400
30 560
955 128
344 102
195 521
750 609
821 175
511 528
753 882
26 772
157 426
228 417
78 319
197 351
245 599
251 133
170 476
124 213
783 39
970 51
626 892
126 149
950 517
990 24
136 411
99 366
212 594
647 511
818 661
337 325
641 497
167 412
753 714
670 770
68 94
423 896
961 898
879 398
694 516
86 957
85 585
736 722
756 472
889 215
141 475
789 324
894 192
437 795
408 527
172 645
56 587
901 182
13 333
952 450
935 435
12 476
588 630
751 796
483 472
114 36
12 929
911 481
985 986
559 131
535 244
370 491
795 575
935 758
861 912
688 847
533 37
777 289
888 643
936 389
726 427
499 521
789 60
812 369
627 494
495 348
156 779
820 911
912 930
791 786
789 0
60 180
204 142
32 58
762 988
216 961
551 50
595 964
860 402
825 312
717 901
622 982
79 277
768 573
289 700
652 562
240 586
166 285
284 887
711 605
343 282
649 39
716 863
585 23
986 998
596 54
294 707
358 778
899 430
396 295
533 615
729 504
880 947
268 305
662 140
158 467
184 14
444 69
340 628
190 500
142 138
624 903
78 974
922 91
975 189
797 176
322 649
504 540
114 761
959 187
686 525
747 862
218 66
641 559
471 620
923 96
118 322
688 111
660 677
408 989
298 2
456 502
476 922
718 850
513 833
377 333
100 491
569 895
511 366
407 46
628 827
428 47
728 750
280 558
181 926
589 545
767 709
561 504
833 42
46 999
123 466
774 246
457 854
23 79
152 867
358 74
301 172
408 321
226 777
161 45
722 686
831 643
256 625
858 458
819 945
776 911
68 5
364 46
327 144
87 134
369 862
935 433
169 812
571 287
71 74
883 885
696 48
219 608
999 485
721 963
610 737
638 482
304 621
606 622
236 75
709 749
846 379
178 159
144 483
373 822
161 698
720 604
750 369
859 790
869 666
433 924
29 637
561 830
757 48
996 291
14 584
966 316
548 35
929 33
639 464
265 236
188 132
209 318
13 230
218 735
483 949
450 836
1 938
108 143
915 569
352 892
552 497
886 872
264 73
926 882
647 780
75 959
763 369
538 566
590 478
805 335
993 8
945 212
437 538
413 431
58 192
687 262
240 304
68 586
608 825
43 59
808 182
208 463
492 637
354 147
301 76
607 343
64 510
624 661
769 421
538 896
820 828
456 606
73 810
174 239
210 505
468 661
459 512
2 665
288 815
915 773
244 320
38 601
304 127
187 343
920 662
20 327
607 123
797 96
770 245
229 640
981 964
573 81
111 892
978 270
633 254
260 196
563 444
263 877
888 748
748 475
846 296
516 109
259 909
57 467
306 443
863 132
959 430
732 394
585 692
238 353
716 151
169 674
463 984
990 37
524 602
539 228
885 421
290 60
104 874
937 669
525 970
652 691
956 875
250 79
250 280
923 479
627 720
447 195
669 703
152 406
295 207
363 539
808 704
317 723
654 69
590 401
32 583
997 733
96 87
478 255
448 176
988 629
24 210
79 478
874 18
60 985
219 489
475 321
259 624
687 217
153 212
341 503
155 738
473 429
763 647
150 852
640 728
428 270
70 137
13 332
502 785
385 920
844 586
954 636
847 775
452 676
69 659
920 145
125 944
684 723
660 352
946 552
663 837
717 168
616 888
678 505
481 990
234 344
497 279
211 233
359 667
464 630
394 706
7 436
676 781
822 215
189 209
182 788
805 951
91 443
863 183
988 454
850 380
131 100
993 684
871 584
149 47
743 236
180 285
729 300
570 115
938 835
462 928
6 415
864 1
619 786
635 820
34 289
158 147
568 36
818 897
177 262
188 872
357 547
114 522
867 687
760 957
232 819
117 459
791 779
422 847
805 135
622 135
629 144
67 139
896 668
714 850
180 22
457 352
482 284
518 443
955 197
915 184
452 716
213 338
611 998
284 60
866 427
745 169
157 768
83 372
284 189
891 4
35 890
336 421
822 328
903 735
210 480
719 82
331 611
55 714
320 599
477 602
904 160
270 521
106 101
965 21
128 519
170 406
691 991
872 338
142 656
480 609
27 35
993 638
71 31
198 27
489 52
57 623
32 981
302 275
636 484
991 318
557 88
466 305
948 730
903 4
953 678
65 785
569 786
340 292
106 77
529 740
826 290
973 938
702 479
276 680
409 159
346 685
511 771
121 454
522 1
521 961
679 877
698 458
705 523
995 567
748 665
264 378
932 699
944 310
679 782
375 372
282 435
603 624
491 597
26 73
424 188
875 750
517 841
531 430
111 581
221 372
188 208
656 889
244 352
319 15
298 679
642 744
418 749
946 539
615 414
626 829
886 233
444 155
533 374
515 96
167 437
900 474
563 116
697 842
980 583
240 647
835 917
320 182
807 22
989 345
826 349
379 255
353 236
602 925
935 440
25 36
346 48
207 165
365 808
812 998
772 229
175 263
918 691
947 392
525 713
99 22
939 915
412 817
658 438
990 669
9 277
951 247
883 366
101 424
682 49
83 59
919 452
354 563
838 500
400 904
319 414
768 8
981 485
169 975
520 239
23 136
583 978
417 605
71 550
730 541
907 144
294 389
964 811
724 674
289 322
379 247
274 865
725 361
429 294
218 408
980 278
127 777
784 976
559 270
469 752
286 797
507 657
39 707
848 906
661 173
941 8
218 576
642 61
840 496
31 474
64 874
245 650
725 979
148 974
836 144
494 689
443 945
454 432
53 408
586 597
748 925
894 656
765 109
970 41
728 274
677 469
947 517
523 191
626 441
736 405
695 26
263 781
626 222
328 596
215 24
701 424
461 453
799 560
822 173
847 812
131 91
639 31
663 213
665 561
41 141
158 11
836 604
453 657
580 874
201 897
244 139
513 571
449 365
291 709
38 226
631 119
91 587
265 934
758 874
251 495
822 791
169 374
416 237
269 931
935 120
306 134
290 506
347 424
578 743
179 963
402 8
733 538
153 68
48 15
666 639
410 501
604 15
910 251
504 478
790 735
474 165
547 478
494 720
217 116
182 737
243 50
68 712
909 531
577 313
56 778
342 430
954 313
918 775
128 358
7 649
767 295
474 828
381 641
137 852
983 410
444 61
845 836
359 251
91 862
731 421
350 914
898 836
613 201
625 809
241 974
38 496
930 624
591 989
600 745
434 314
146 88
736 320
232 257
481 24
718 27
165 170
405 995
517 379
284 227
115 340
753 607
950 60
477 20
809 419
328 222
87 674
92 627
867 822
421 758
170 792
295 995
319 828
589 599
823 962
491 880
587 347
388 154
987 829
156 583
188 779
591 128
666 594
164 915
497 70
553 690
966 54
663 964
48 275
290 814
322 548
310 843
54 689
687 376
92 91
272 98
830 312
838 263
970 663
731 808
734 687
280 112
749 933
91 33
765 351
818 74
944 848
850 258
587 370
264 212
915 761
340 345
167 380
206 121
674 385
684 241
203 94
980 752
843 411
332 550
918 601
425 154
279 498
405 293
865 399
721 373
61 352
272 754
358 861
757 620
373 46
937 375
491 907
867 554
376 208
153 349
479 417
329 793
185 704
634 994
684 507
466 506
492 434
106 322
571 208
13 256
841 524
926 891
269 898
887 991
38 396
695 222
39 596
309 391
202 974
724 621
197 578
10 769
569 824
481 229
151 224
455 779
437 138
932 353
767 80
115 555
94 302
971 234
282 742
505 947
87 633
875 779
587 950
71 525
476 423
254 560
263 512
160 65
731 765
862 917
594 989
946 937
393 951
89 152
712 532
979 384
736 43
903 157
572 908
482 923
938 64
49 789
401 70
128 808
746 461
529 85
537 519
592 328
682 488
422 105
718 892
635 733
345 2
341 750
17 248
154 262
581 472
401 672
317 893
745 658
40 513
680 728
975 88
932 249
408 579
641 145
802 919
594 409
574 724
758 852
524 881
638 507
49 447
788 962
665 344
892 471
556 827
13 969
489 457
270 440
585 507
202 818
143 779
911 887
715 770
634 664
759 398
649 869
183 565
709 403
888 513
371 460
615 6
478 968
992 324
595 510
111 249
323 268
247 43
765 496
817 571
404 256
929 736
766 409
328 881
430 22
368 437
795 161
585 88
461 910
567 128
426 860
771 335
746 603
391 815
57 238
111 319
738 720
904 962
685 902
272 604
433 507
317 903
385 744
849 576
708 635
404 51
636 369
149 215
111 759
78 890
877 707
741 15
176 323
221 994
5 967
193 718
909 218
942 956
21 143
737 453
409 618
503 597
13 572
531 660
241 613
556 42
151 557
811 856
565 568
672 839
291 271
341 640
763 310
431 92
758 744
927 144
526 955
404 856
130 124
891 117
476 825
503 416
230 287
277 442
377 426
717 382
891 598
892 583
313 164
325 773
908 505
739 585
995 688
356 957
153 768
119 23
438 623
151 555
102 921
952 943
276 530
951 208
761 954
406 726
665 432
294 129
781 754
649 970
282 973
618 456
128 837
993 692
877 549
118 969
872 961
930 987
318 645
953 74
962 534
680 713
958 919
311 302
792 323
162 438
12 907
290 761
794 594
118 83
607 47
545 937
77 68
954 688
645 269
889 992
772 786
818 731
577 304
732 352
597 46
954 145
717 682
391 979
456 120
735 24
108 937
809 713
441 726
334 122
620 318
152 847
96 144
312 781
666 495
881 827
795 970
516 339
46 856
690 617
151 310
496 832
406 405
604 462
48 441
620 829
293 835
971 74
683 716
817 380
222 882
984 276
154 287
939 108
594 882
765 24
181 349
833 357
110 534
629 814
222 209
96 709
646 424
591 829
325 678
827 771
58 152
134 922
106 276
78 491
293 93
424 580
781 784
834 12
518 857
762 931
557 944
246 323
772 688
377 74
450 495
945 284
771 13
955 16
491 980
649 840
343 135
227 276
5 10
490 463
120 844
833 201
563 790
35 723
276 81
698 200
896 26
76 856
508 761
101 652
250 559
344 606
140 889
288 629
131 900
143 834
583 379
61 916
271 512
418 452
947 554
577 783
243 248
155 160
704 83
867 646
991 336
794 557
250 774
712 635
738 750
452 743
802 823
73 447
27 557
770 581
613 545
259 475
845 544
820 508
119 420
827 11
105 535
105 426
975 73
597 141
252 815
248 426
574 263
661 323
974 736
971 748
405 952
55 580
783 356
661 399
12 509
377 585
562 154
340 620
804 244
645 481
575 432
882 890
523 236
218 178
965 607
640 235
465 237
538 904
451 795
221 140
314 747
281 586
440 475
991 847
89 527
636 838
129 411
172 829
938 955
35 57
569 593
881 492
325 492
982 603
907 301
944 698
850 661
392 487
111 189
665 536
941 275
373 967
651 827
999 535
882 169
310 57
472 621
350 108
83 491
137 548
890 832
595 623
825 898
591 604
784 901
895 802
54 207
479 629
756 114
772 508
900 512
401 417
51 235
359 26
192 159
386 782
407 9
534 32
760 360
98 90
979 760
778 845
569 350
929 141
956 192
166 91
123 681
33 990
427 33
551 470
181 989
149 349
550 50
376 344
599 87
831 748
317 891
883 82
196 948
667 972
655 665
741 381
704 390
692 712
180 828
362 253
933 772
308 141
383 715
48 131
715 976
959 227
85 29
757 488
501 742
634 218
238 102
203 567
523 573
965 741
740 585
146 821
813 485
293 101
393 646
92 215
92 260
347 383
351 422
990 495
429 497
812 446
873 368
561 964
949 515
382 592
957 296
113 488
706 498
513 566
97 168
735 687
523 424
963 693
320 610
10 613
755 734
76 868
149 264
260 0
971 96
400 232
913 241
291 741
917 106
614 75
201 790
757 738
592 591
524 4
547 383
507 217
665 718
647 964
958 795
605 853
130 588
893 368
620 498
10 464
607 76
424 441
306 454
114 240
108 239
883 286
831 369
87 804
513 233
881 859
81 262
760 632
724 255
756 411
52 420
129 723
755 544
577 641
426 395
292 311
444 648
348 656
121 641
877 95
913 757
570 502
60 308
295 220
581 498
952 841
167 804
662 146
129 187
591 332
66 222
404 392
939 450
521 310
189 512
474 765
874 89
134 967
182 229
303 104
236 903
278 948
835 388
827 486
968 546
820 208
854 794
559 766
838 59
433 972
327 456
236 342
168 81
296 123
762 857
261 306
169 115
473 361
413 951
321 638
863 432
319 407
573 596
200 760
635 215
165 196
687 197
748 69
438 382
916 358
586 575
459 187
306 35
748 693
547 256
765 71
488 110
180 983
220 574
207 371
746 131
551 702
416 831
40 780
749 390
709 28
441 814
172 213
447 850
308 866
641 410
877 774
267 198
75 608
847 770
535 589
484 954
535 283
264 439
87 763
975 157
221 449
585 397
861 906
562 325
704 440
125 61
498 381
717 608
826 779
557 919
196 119
358 749
47 427
209 962
800 537
299 882
442 392
85 274
405 261
399 832
218 205
680 44
521 435
552 255
893 344
322 256
270 494
260 636
580 461
755 433
476 491
501 489
499 758
63 422
976 286
530 992
298 395
302 535
772 48
253 256
936 394
187 625
425 928
163 123
763 84
112 27
961 532
572 711
938 413
932 321
925 238
702 609
698 638
188 343
727 925
552 46
894 760
818 434
494 569
604 114
890 391
952 971
683 562
908 171
497 991
445 378
113 798
404 999
550 812
678 577
476 615
833 313
847 266
583 882
970 65
390 266
323 894
903 850
393 805
914 54
594 765
12 696
553 708
468 612
749 255
441 311
988 571
156 32
662 97
245 536
508 237
738 489
72 428
337 636
20 297
856 483
275 935
99 883
10 524
751 169
51 444
591 458
50 123
618 51
645 169
325 10
370 365
361 957
325 861
344 306
903 333
482 748
971 790
420 738
788 41
245 292
80 284
413 806
27 703
447 526
124 172
917 523
169 824
388 885
526 916
257 389
69 611
530 224
874 239
690 806
411 99
255 499
255 732
928 521
901 942
546 777
466 137
523 15
685 19
772 192
427 89
985 53
556 809
937 521
414 259
785 907
923 839
467 505
631 579
280 786
824 997
636 867
920 735
319 565
187 293
971 623
472 280
464 113
490 516
275 556
342 232
70 759
430 770
896 386
583 251
738 930
613 162
994 660
519 282
661 38
368 731
657 540
406 963
561 218
150 592
912 612
186 415
224 168
886 525
977 636
352 426
164 46
73 816
275 868
853 575
871 54
134 311
937 930
92 10
944 298
894 301
63 514
2 460
651 557
895 524
112 456
837 960
868 30
57 77
798 911
244 970
250 861
412 182
674 241
960 552
68 962
600 537
11 525
165 67
819 823
438 970
711 882
569 698
513 425
138 36
699 715
90 709
385 259
783 379
697 420
809 199
941 839
250 969
603 166
753 611
719 346
224 319
842 700
287 496
0 773
304 279
58 190
295 887
233 426
749 595
793 280
563 32
294 841
411 847
260 737
68 187
881 710
348 403
154 675
88 659
109 12
279 491
926 384
507 839
621 594
174 673
887 155
126 926
965 395
732 190
485 531
193 20
680 147
457 954
651 503
880 683
42 742
980 179
16 233
305 8
139 72
54 711
175 971
743 814
645 302
219 500
187 944
798 740
972 295
85 741
777 748
233 60
260 735
576 702
277 137
926 140
405 601
133 824
917 949
375 99
393 230
90 95
810 167
199 276
331 170
871 139
61 736
771 394
172 189
499 518
902 374
390 391
994 490
886 974
834 842
936 726
525 241
844 811
453 498
67 678
737 259
713 572
325 558
197 576
341 175
546 547
978 601
141 575
178 873
843 402
262 65
148 541
693 109
388 952
556 677
974 975
287 143
355 249
902 42
759 230
591 505
701 801
898 814
83 523
939 52
676 879
610 871
651 480
156 342
331 803
97 551
673 570
762 302
13 372
708 15
688 34
420 957
506 848
354 69
552 434
92 955
374 782
682 972
599 651
264 429
808 572
541 39
165 53
623 265
698 289
707 761
842 965
709 130
575 663
850 731
59 456
558 526
495 523
341 308
284 989
341 346
208 875
163 856
845 974
177 373
73 805
578 236
906 91
983 124
11 973
128 491
619 364
639 478
850 449
828 250
945 663
778 39
932 469
203 262
869 677
754 810
581 407
904 855
347 936
620 59
464 330
259 121
111 278
768 148
669 29
140 279
308 751
742 469
903 560
843 697
95 906
875 955
354 93
636 657
923 328
602 35
809 14
655 594
790 792
873 953
429 219
545 772
530 907
870 134
524 611
207 80
783 781
247 741
947 49
228 719
772 987
96 720
393 670
424 203
744 687
943 567
942 15
547 268
758 748
319 418
509 660
966 260
429 978
21 672
993 570
820 909
120 21
296 568
51 307
248 996
55 293
270 343
287 31
288 371
278 418
717 325
446 530
7 573
917 430
683 987
944 20
402 353
386 998
505 767
200 125
507 637
335 841
212 342
123 493
954 85
110 935
108 631
528 489
102 141
571 37
631 761
633 537
863 493
52 293
709 961
990 727
956 602
523 929
648 242
396 670
197 209
871 730
509 530
160 300
227 14
873 90
816 538
252 188
375 291
746 303
354 480
189 180
814 462
621 35
228 205
376 922
898 155
822 932
849 115
381 683
788 360
550 319
420 528
585 937
22 599
137 750
392 397
544 980
948 587
349 687
288 872
62 6
478 144
331 408
423 717
176 789
787 132
902 310
453 702
392 547
644 555
223 726
484 695
993 457
800 464
365 82
752 383
698 107
668 916
392 25
714 611
670 250
155 217
330 803
171 920
329 444
145 352
483 841
521 383
225 500
796 854
286 602
727 849
145 758
4 68
187 850
35 492
896 663
648 758
1 450
798 516
180 637
105 21
375 77
632 182
980 760
357 18
640 320
682 111
767 658
42 233
831 587
148 938
314 213
506 19
429 229
766 153
41 664
670 942
689 355
990 814
653 790
633 161
23 320
884 565
721 474
656 278
584 161
353 101
265 775
8 923
884 338
476 358
395 925
540 284
661 361
124 807
255 418
317 853
87 772
464 574
692 596
633 434
254 564
804 513
38 90
166 606
7 16
961 905
690 850
116 20
492 648
268 686
477 272
806 169
296 853
627 80
875 277
793 814
230 894
333 4
418 620
567 426
135 387
292 130
125 723
74 898
782 154
271 417
674 202
507 757
876 157
735 656
923 850
630 599
687 561
517 534
668 932
31 754
383 141
329 450
885 678
82 964
429 609
439 559
70 196
818 655
109 337
66 448
725 862
990 636
407 819
432 355
561 240
24 640
889 570
714 353
382 149
658 199
521 837
941 893
122 323
253 740
271 597
81 611
589 146
886 365
668 165
595 286
240 165
802 641
417 665
484 558
28 39
579 9
827 530
290 178
874 996
956 23
444 969
842 866
301 248
975 716
852 68
640 403
93 943
111 878
378 422
262 672
722 149
691 383
249 294
651 188
180 710
481 545
409 842
669 583
914 348
833 17
607 370
357 102
488 861
428 859
700 849
469 151
727 591
722 234
954 451
604 609
381 73
279 621
797 219
198 595
243 625
573 565
57 763
300 489
819 109
609 602
784 43
538 909
160 787
559 578
450 9
93 196
232 736
579 804
125 241
400 27
588 430
584 611
629 480
246 347
707 601
319 301
450 364
53 221
831 857
267 860
108 943
162 102
447 206
234 289
428 875
646 253
212 16
580 347
286 59
552 448
618 537
938 34
250 5
485 812
769 481
717 727
36 362
511 834
68 403
8 2
466 695
891 767
942 851
255 581
979 375
826 223
196 582
44 280
825 941
15 326
232 553
53 442
54 708
99 548
559 560
905 856
323 929
23 234
940 928
658 307
814 507
948 533
438 974
151 438
724 785
626 106
673 909
695 979
167 740
371 27
977 391
882 4
102 780
748 212
107 658
963 402
209 943
788 265
809 564
734 121
879 704
124 694
174 169
775 750
77 669
796 488
44 975
62 153
917 356
279 80
686 316
75 556
989 389
960 577
663 450
325 606
190 592
460 633
616 119
116 301
762 432
815 483
689 102
695 329
793 342
155 58
248 591
854 368
608 187
245 201
718 21
539 642
412 210
297 13
727 583
522 531
36 313
612 857
852 179
568 272
323 221
191 748
541 708
487 511
145 685
100 397
139 984
392 984
660 362
915 389
723 597
160 355
324 361
781 302
600 70
617 893
765 289
32 397
556 931
560 148
672 627
960 536
709 126
630 109
792 191
574 620
646 606
996 540
665 496
858 211
10 483
435 953
939 124
865 423
553 513
738 206
37 603
582 345
346 225
178 593
229 877
932 395
318 409
991 668
94 1
12 227
746 626
151 462
364 538
743 350
881 434
525 285
531 533
145 395
158 95
838 727
595 979
555 118
554 848
503 93
905 555
795 265
174 928
14 425
500 439
24 0
998 378
796 712
423 571
436 722
543 391
995 266
553 137
473 814
773 43
420 638
587 872
321 308
291 713
297 213
481 649
849 876
853 437
409 87
189 980
708 507
667 443
639 955
198 26
7 180
922 658
250 405
894 127
129 82
576 774
74 19
296 172
177 392
438 272
294 447
9 455
312 574
306 392
933 474
95 867
357 315
543 229
32 554
755 301
246 686
77 406
827 216
7 655
682 220
669 16
721 428
156 565
555 60
306 571
469 501
179 650
290 306
753 463
242 837
430 385
267 605
337 70
911 2
146 680
402 701
645 133
859 16
398 605
693 195
619 449
297 133
461 312
5 723
164 929
779 296
519 977
116 158
898 507
123 169
535 914
213 712
456 63
419 530
939 325
141 179
525 772
502 257
940 368
460 578
713 721
432 752
437 24
100 836
468 549
842 490
292 437
883 639
770 696
435 459
976 742
548 934
724 141
748 215
63 746
459 575
860 19
794 211
698 523
884 374
63 919
346 820
154 176
744 399
963 992
940 708
847 934
583 198
385 893
897 253
322 724
801 858
96 719
425 766
680 734
784 762
650 330
513 311
651 496
982 243
865 122
274 433
922 964
733 189
666 770
810 22
528 421
931 453
346 806
354 79
240 437
392 291
622 952
701 348
242 101
56 733
847 29
94 654
171 374
206 606
822 487
875 443
671 418
245 144
977 639
796 373
803 352
996 794
507 671
452 913
217 377
362 304
835 821
6 177
487 31
308 807
895 557
43 374
383 68
907 720
715 630
327 813
624 142
841 890
369 307
940 743
60 386
943 911
136 31
613 821
795 341
170 658
964 255
180 520
356 253
300 899
100 696
25 557
843 432
704 566
342 327
808 601
567 400
536 627
873 819
405 651
837 781
650 870
413 287
213 382
960 515
113 780
559 115
42 932
763 518
226 448
816 415
382 541
381 357
80 919
690 494
659 187
632 665
312 779
128 71
850 701
911 195
4 962
383 49
448 859
594 25
333 811
66 937
315 792
660 943
463 910
972 354
937 271
433 90
694 657
761 219
105 311
567 523
561 56
979 311
827 140
693 55
214 82
380 324
102 907
773 100
207 442
719 525
702 419
998 71
774 183
482 634
522 126
228 306
311 37
760 176
797 381
320 595
403 674
447 259
338 143
970 251
22 675
315 181
9 722
215 480
245 699
607 206
3 380
425 103
840 168
454 841
125 209
936 309
855 276
535 44
380 650
386 99
891 127
578 423
970 665
620 490
814 601
196 801
245 17
922 136
926 289
550 304
398 388
747 840
632 795
982 258
156 910
755 92
692 917
386 890
699 766
344 995
659 770
67 146
59 235
102 798
615 363
867 956
509 957
545 306
396 91
656 672
924 994
205 134
756 727
338 406
179 473
845 718
633 122
76 870
80 752
947 88
813 647
120 4
848 38
387 129
883 743
617 434
331 822
213 684
396 559
507 553
813 3
586 630
745 815
328 461
195 102
993 577
487 380
40 396
321 609
272 328
339 189
943 188
968 681
469 608
792 749
914 780
850 713
180 413
351 624
672 64
223 162
410 186
506 781
755 25
328 628
969 572
353 962
773 570
804 575
170 57
223 385
304 865
968 946
446 376
146 404
552 608
115 156
805 462
191 631
827 304
33 553
568 643
702 28
541 728
679 60
165 977
233 623
950 861
86 294
533 174
674 805
406 240
765 617
744 856
37 888
811 45
711 833
781 763
816 71
672 938
641 174
534 860
183 834
845 545
495 686
64 230
695 583
38 547
397 600
806 41
493 240
376 407
158 391
710 93
974 218
802 47
892 596
289 277
786 802
773 411
358 692
381 521
699 484
934 18
441 307
584 449
853 398
93 975
84 848
408 543
631 648
523 351
14 469
619 729
573 198
539 91
62 594
933 74
25 940
261 201
998 27
165 676
518 863
445 504
529 830
357 867
728 212
450 525
244 375
161 435
88 683
18 979
184 301
86 658
887 868
848 639
705 309
189 832
641 342
522 120
148 797
564 932
270 587
853 317
547 908
184 780
648 12
466 796
173 674
718 883
979 620
493 633
637 366
658 166
691 976
17 297
527 990
606 408
314 413
632 502
875 578
160 76
494 141
184 727
399 688
473 561
371 237
359 688
141 581
547 887
936 67
451 494
595 192
960 8
720 95
482 603
558 411
18 636
142 312
753 579
217 19
2 426
6 150
902 831
927 746
206 874
635 914
155 125
168 562
485 42
409 709
645 218
271 685
863 839
536 499
471 346
108 435
659 927
504 129
942 724
344 433
294 264
676 648
289 480
230 964
303 504
657 700
996 868
227 379
861 506
56 940
952 361
687 565
469 990
32 376
800 986
420 148
289 79
152 908
197 76
879 810
895 495
848 167
286 411
674 610
292 539
242 887
357 550
426 284
686 857
503 107
31 444
666 690
528 472
749 708
201 607
403 8
891 120
773 889
568 215
93 341
55 832
138 661
39 634
716 6
42 645
264 32
13 876
596 924
803 380
593 261
151 858
491 752
138 644
709 276
366 956
7 372
562 738
567 772
573 133
293 548
665 951
939 59
784 406
95 277
404 775
548 350
462 294
153 373
832 753
888 444
855 415
976 715
596 363
502 250
193 583
286 622
595 866
657 331
231 291
985 975
564 948
255 156
380 209
481 111
387 174
745 804
971 294
519 824
329 12
128 620
237 87
613 889
782 405
54 95
700 773
402 976
958 16
181 318
909 452
486 348
861 833
193 398
385 14
828 796
372 808
895 461
873 848
176 310
387 880
433 680
373 952
350 862
153 399
603 552
735 797
197 957
543 332
75 661
63 965
159 8
412 3
323 541
791 134
642 748
396 697
757 754
273 494
770 311
65 343
129 189
728 54
72 741
267 931
895 371
443 276
107 955
531 971
221 599
56 764
794 561
152 997
944 946
208 989
598 401
566 398
782 942
893 388
894 80
673 378
711 99
618 511
532 167
380 534
832 965
957 566
621 437
233 880
967 522
280 239
308 223
147 417
902 687
766 86
128 141
474 901
568 83
316 643
33 653
758 206
307 591
690 186
669 186
738 451
367 634
737 994
845 472
917 423
452 420
848 889
227 511
454 780
343 413
694 193
826 943
727 560
542 970
306 765
16 469
819 305
985 794
910 528
451 106
500 355
492 928
683 991
984 427
245 770
215 760
907 547
734 716
472 296
955 371
119 885
569 843
264 729
25 581
375 469
5 541
621 289
325 694
238 989
305 47
768 15
953 580
52 272
611 256
149 345
596 784
284 433
63 181
62 692
399 960
779 991
595 439
132 9
567 570
641 786
575 885
492 417
655 752
527 367
276 668
786 498
244 932
604 652
161 584
321 338
657 554
136 201
448 495
108 293
708 732
540 800
771 283
598 711
764 283
147 928
4 160
182 648
282 408
230 342
612 497
562 143
235 110
527 571
66 417
737 237
814 287
668 19
458 171
733 448
209 247
295 692
665 299
646 225
261 891
991 244
800 111
79 984
494 452
390 102
76 845
143 213
860 895
407 467
229 120
315 903
224 795
798 969
249 642
951 833
983 609
130 378
650 643
492 912
636 669
294 750
939 358
80 317
361 151
67 933
505 382
772 560
282 514
623 602
538 460
879 724
428 995
284 337
114 627
969 879
854 389
137 29
93 292
728 649
676 915
407 80
91 300
987 201
19 634
502 94
569 479
98 628
10 425
557 520
397 474
335 365
41 662
677 892
722 673
195 612
302 618
998 197
418 731
762 502
444 777
608 424
684 487
360 249
653 455
787 806
189 98
159 280
565 58
92 236
236 57
867 439
43 99
438 848
50 552
958 855
171 199
604 615
658 376
438 682
783 733
928 740
181 546
611 912
886 443
971 532
407 901
741 305
968 832
909 357
437 826
671 454
318 507
133 989
383 75
208 355
855 635
654 705
87 578
91 824
179 679
20 586
461 795
993 509
690 519
461 980
950 249
207 234
970 929
767 487
869 328
255 542
697 440
270 967
298 842
980 691
834 729
441 623
393 212
401 142
646 163
385 660
499 611
413 753
912 396
414 92
999 506
902 993
901 17
577 235
970 551
461 530
430 163
454 59
726 477
897 686
388 976
159 478
510 854
738 782
988 883
188 285
906 467
684 960
943 822
189 954
915 853
431 853
330 39
711 952
655 90
359 928
325 816
596 268
695 137
165 525
607 670
587 696
830 592
225 691
190 378
707 978
657 587
359 899
596 432
120 989
715 1
423 312
604 627
646 979
157 385
469 989
710 226
334 582
88 801
990 726
564 246
443 936
443 832
734 515
174 536
524 692
620 307
414 407
144 94
691 583
554 671
888 574
927 920
640 167
148 117
767 649
36 14
891 696
184 932
454 160
73 947
956 234
676 63
320 825
478 243
343 870
898 258
891 548
622 819
98 377
659 636
264 386
763 938
949 221
727 475
34 32
357 637
332 300
493 821
723 127
733 746
642 125
306 614
633 190
414 306
64 758
369 602
826 572
167 126
351 743
315 590
647 490
55 320
380 193
188 101
606 38
105 186
447 138
588 471
840 582
900 426
338 596
288 571
315 909
142 942
4 894
297 813
315 108
820 225
212 488
824 700
441 351
964 705
694 960
11 24
713 856
230 142
78 651
182 157
842 322
49 204
701 483
889 181
381 814
67 480
514 4
374 173
107 947
373 113
921 855
181 97
907 108
590 190
647 211
911 857
335 706
222 579
597 280
362 248
779 444
286 894
274 39
306 320
409 88
63 152
819 349
866 395
864 726
710 801
210 543
209 74
658 716
949 923
166 202
591 949
992 222
575 447
781 919
77 624
694 683
484 338
554 383
837 788
746 170
419 46
394 722
939 141
116 670
59 660
570 912
750 142
6 359
401 287
174 270
433 796
378 338
170 267
556 707
43 145
809 938
827 324
536 387
645 79
694 201
142 655
537 501
804 15
167 734
752 734
724 438
225 872
848 683
473 542
687 618
648 907
544 991
241 395
302 433
885 97
577 504
224 401
926 834
15 237
449 265
608 64
860 889
402 86
237 512
768 815
370 76
332 635
357 518
247 324
719 172
794 850
96 714
499 220
800 472
472 866
532 36
63 236
129 759
468 556
64 971
420 325
102 741
550 559
622 399
372 196
829 407
219 95
203 783
679 554
536 103
976 124
296 127
563 56
991 433
131 624
152 976
884 393
145 186
132 108
624 574
558 375
398 456
799 534
101 545
419 593
899 712
410 21
358 716
486 129
844 401
381 692
527 269
299 933
433 375
634 118
138 184
226 118
159 67
314 276
514 914
626 378
578 295
281 997
711 169
637 463
856 365
279 616
770 836
852 473
131 588
88 553
562 773
711 265
115 949
508 454
402 594
198 844
164 447
542 659
394 936
113 35
703 3
638 879
904 979
105 108
685 970
967 627
478 502
522 357
672 117
831 390
786 151
172 364
43 899
933 331
191 752
68 596
714 419
138 666
12 807
89 607
2 190
970 356
781 433
707 984
878 965
207 740
715 685
943 469
132 838
969 810
797 943
617 365
838 314
890 657
377 422
520 170
556 951
165 234
355 480
477 390
428 906
964 849
306 85
984 480
836 877
480 153
195 488
206 883
822 636
177 656
171 570
405 108
560 932
413 360
380 704
741 920
41 57
426 777
729 899
652 761
353 802
60 880
794 505
32 211
185 582
689 115
231 193
863 151
195 402
53 594
148 764
958 457
90 170
398 974
790 117
710 325
678 261
110 714
236 375
949 454
114 500
861 515
638 611
711 14
240 278
747 352
278 266
976 208
62 674
853 207
16 314
137 270
97 366
944 899
23 464
644 691
67 668
704 932
279 314
100 352
659 376
26 48
195 119
675 864
326 853
728 402
569 816
577 61
